precision,recall
0.0471976401179941,1.0
0.0472115668338743,1.0
0.047225501770956316,1.0
0.047239444936522,1.0
0.04725339633786178,1.0
0.047267355982274745,1.0
0.04728132387706856,1.0
0.04729530002955956,1.0
0.04730928444707274,1.0
0.04732327713694173,1.0
0.047337278106508875,1.0
0.04735128736312518,1.0
0.047365304914150384,1.0
0.047379330766952915,1.0
0.04739336492890995,1.0
0.047407407407407405,1.0
0.04742145820983995,1.0
0.04743551734361103,1.0
0.04744958481613286,1.0
0.04746366063482646,1.0
0.04747774480712166,1.0
0.04749183734045711,1.0
0.047505938242280284,1.0
0.04752004752004752,1.0
0.047534165181224004,1.0
0.0475482912332838,1.0
0.04756242568370987,1.0
0.047576568539994056,1.0
0.04759071980963712,1.0
0.047604879500148765,1.0
0.047619047619047616,1.0
0.04763322417386127,1.0
0.047647409172126266,1.0
0.04766160262138815,1.0
0.04767580452920143,1.0
0.04769001490312966,1.0
0.04770423375074538,1.0
0.04771846107963018,1.0
0.0477326968973747,1.0
0.04774694121157863,1.0
0.04776119402985075,1.0
0.0477754553598089,1.0
0.04778972520908005,1.0
0.04780400358530027,1.0
0.04781829049611477,1.0
0.04783258594917788,1.0
0.04784688995215311,1.0
0.047861202512713134,1.0
0.047875523638539794,1.0
0.04788985333732416,1.0
0.04790419161676647,1.0
0.04791853848457622,1.0
0.04793289394847214,1.0
0.0479472580161822,1.0
0.047961630695443645,1.0
0.047976011994003,1.0
0.04799040191961608,1.0
0.048004800480048,1.0
0.04801920768307323,1.0
0.048033623536475535,1.0
0.04804804804804805,1.0
0.04806248122559327,1.0
0.04807692307692308,1.0
0.04809137360985873,1.0
0.04810583283223091,1.0
0.0481203007518797,1.0
0.048134777376654635,1.0
0.048149262714414685,1.0
0.048163756773028296,1.0
0.04817825956037338,1.0
0.04819277108433735,1.0
0.048207291352817115,1.0
0.04822182037371911,1.0
0.0482363581549593,1.0
0.04825090470446321,1.0
0.048265460030165915,1.0
0.04828002414001207,1.0
0.04829459704195593,1.0
0.04830917874396135,1.0
0.048323769254001815,1.0
0.04833836858006042,1.0
0.04835297673012995,1.0
0.04836759371221282,1.0
0.04838221953432114,1.0
0.04839685420447671,1.0
0.048411497730711045,1.0
0.048426150121065374,1.0
0.04844081138359067,1.0
0.04845548152634767,1.0
0.04847016055740685,1.0
0.048484848484848485,1.0
0.048499545316762656,1.0
0.04851425106124924,1.0
0.048528965726417954,1.0
0.04854368932038835,1.0
0.048558421851289835,1.0
0.048573163327261686,1.0
0.048587913756453084,1.0
0.04860267314702309,1.0
0.04861744150714069,1.0
0.0486322188449848,1.0
0.048647005168744296,1.0
0.04866180048661801,1.0
0.048676604806814724,1.0
0.048691418137553254,1.0
0.0487062404870624,1.0
0.048721071863580996,1.0
0.0487359122753579,1.0
0.04875076173065204,1.0
0.0487656202377324,1.0
0.04878048780487805,1.0
0.048795364440378165,1.0
0.048810250152532035,1.0
0.04882514494964907,1.0
0.04884004884004884,1.0
0.04885496183206107,1.0
0.04886988393402566,1.0
0.048884815154292695,1.0
0.0488997555012225,1.0
0.04891470498318557,1.0
0.04892966360856269,1.0
0.048944631385744876,1.0
0.04895960832313342,1.0
0.04897459442913989,1.0
0.04898958971218616,1.0
0.04900459418070444,1.0
0.049019607843137254,1.0
0.04903463070793748,1.0
0.049049662783568364,1.0
0.049064704078503524,1.0
0.049079754601226995,1.0
0.0490948143602332,1.0
0.04910988336402701,1.0
0.04912496162112373,1.0
0.04914004914004914,1.0
0.04915514592933948,1.0
0.049170251997541485,1.0
0.04918536735321242,1.0
0.04920049200492005,1.0
0.049215625961242696,1.0
0.04923076923076923,1.0
0.04924592182209911,1.0
0.04926108374384237,1.0
0.04927625500461965,1.0
0.04929143561306223,1.0
0.04930662557781202,1.0
0.04932182490752158,1.0
0.04933703361085415,1.0
0.049352251696483655,1.0
0.049367479173094725,1.0
0.04938271604938271,1.0
0.04939796233405372,1.0
0.04941321803582458,1.0
0.04942848316342292,1.0
0.049443757725587144,1.0
0.04945904173106646,1.0
0.049474335188620905,1.0
0.049489638107021346,1.0
0.04950495049504951,1.0
0.04952027236149799,1.0
0.04953560371517028,1.0
0.04955094456488077,1.0
0.04956629491945477,1.0
0.04958165478772854,1.0
0.04959702417854929,1.0
0.04961240310077519,1.0
0.04962779156327544,1.0
0.04964318957493019,1.0
0.04965859714463067,1.0
0.04967401428127911,1.0
0.049689440993788817,1.0
0.049704877291084186,1.0
0.049720323182100686,1.0
0.049735778675784895,1.0
0.04975124378109453,1.0
0.049766718506998445,1.0
0.049782202862476664,1.0
0.049797696856520385,1.0
0.049813200498132,1.0
0.049828713796325134,1.0
0.04984423676012461,1.0
0.04985976939856653,1.0
0.04987531172069826,1.0
0.049890863735578425,1.0
0.049906425452276984,1.0
0.0499219968798752,1.0
0.049937578027465665,1.0
0.049953168904152356,1.0
0.04996876951905059,1.0
0.0499843798812871,1.0
0.05,1.0
0.05001562988433886,1.0
0.050031269543464665,1.0
0.05004691898654989,1.0
0.05006257822277847,1.0
0.050078247261345854,1.0
0.050093926111458985,1.0
0.05010961478233636,1.0
0.05012531328320802,1.0
0.050141021623315574,1.0
0.050156739811912224,1.0
0.05017246785826278,1.0
0.050188205771643665,1.0
0.050203953561342954,1.0
0.050219711236660386,1.0
0.05023547880690738,1.0
0.05025125628140704,1.0
0.05026704366949419,1.0
0.0502828409805154,1.0
0.050298648223828984,1.0
0.050314465408805034,1.0
0.05033029254482542,1.0
0.05034612964128383,1.0
0.05036197670758577,1.0
0.05037783375314862,1.0
0.050393700787401574,1.0
0.05040957781978576,1.0
0.050425464859754174,1.0
0.05044136191677175,1.0
0.05045726900031536,1.0
0.050473186119873815,1.0
0.050489113284947935,1.0
0.050505050505050504,1.0
0.05052099778970635,1.0
0.05053695514845231,1.0
0.05055292259083728,1.0
0.05056890012642225,1.0
0.05058488776478027,1.0
0.05060088551549652,1.0
0.0506168933881683,1.0
0.05063291139240506,1.0
0.050648939537828425,1.0
0.0506649778340722,1.0
0.05068102629078239,1.0
0.050697084917617236,1.0
0.05071315372424723,1.0
0.05072923272035511,1.0
0.0507453219156359,1.0
0.050761421319796954,1.0
0.050777530942557915,1.0
0.050793650793650794,1.0
0.05080978088281994,1.0
0.05082592121982211,1.0
0.05084207181442644,1.0
0.0508582326764145,1.0
0.05087440381558029,1.0
0.05089058524173028,1.0
0.050906776964683424,1.0
0.050922978994271166,1.0
0.050939191340337475,1.0
0.050955414012738856,1.0
0.05097164702134438,1.0
0.05098789037603569,1.0
0.051004144086707046,1.0
0.05102040816326531,1.0
0.051036682615629984,1.0
0.05105296745373325,1.0
0.05106926268751995,1.0
0.05108556832694764,1.0
0.05110188438198659,1.0
0.051118210862619806,1.0
0.05113454777884308,1.0
0.05115089514066496,1.0
0.05116725295810681,1.0
0.05118362124120281,1.0
0.0512,1.0
0.05121638924455826,1.0
0.051232788984950366,1.0
0.05124919923126201,1.0
0.0512656199935918,1.0
0.05128205128205128,1.0
0.051298493106764986,1.0
0.05131494547787043,1.0
0.05133140840551813,1.0
0.051347881899871634,1.0
0.051364365971107544,1.0
0.05138086062941554,1.0
0.051397365884998394,1.0
0.05141388174807198,1.0
0.05143040822886532,1.0
0.05144694533762058,1.0
0.051463493084593116,1.0
0.05148005148005148,1.0
0.051496620534277435,1.0
0.051513200257566,1.0
0.05152979066022544,1.0
0.05154639175257732,1.0
0.05156300354495649,1.0
0.05157962604771115,1.0
0.051596259271202836,1.0
0.05161290322580645,1.0
0.05162955792191029,1.0
0.051646223369916075,1.0
0.05166289958023894,1.0
0.05167958656330749,1.0
0.051696284329563816,1.0
0.051712992889463474,1.0
0.05172971225347559,1.0
0.0517464424320828,1.0
0.0517631834357813,1.0
0.05177993527508091,1.0
0.05179669796050502,1.0
0.05181347150259067,1.0
0.05183025591188856,1.0
0.05184705119896306,1.0
0.05186385737439222,1.0
0.05188067444876784,1.0
0.051897502432695426,1.0
0.05191434133679429,1.0
0.0519311911716975,1.0
0.05194805194805195,1.0
0.05196492367651835,1.0
0.05198180636777128,1.0
0.051998700032499186,1.0
0.05201560468140442,1.0
0.05203252032520325,1.0
0.05204944697462589,1.0
0.05206638464041653,1.0
0.052083333333333336,1.0
0.052100293064148484,1.0
0.05211726384364821,1.0
0.05213424568263278,1.0
0.05215123859191656,1.0
0.05216824258232801,1.0
0.05218525766470972,1.0
0.052202283849918436,1.0
0.05221932114882506,1.0
0.05223636957231472,1.0
0.05225342913128674,1.0
0.05227049983665469,1.0
0.05228758169934641,1.0
0.05230467473030402,1.0
0.052321778940483975,1.0
0.05233889434085705,1.0
0.05235602094240838,1.0
0.05237315875613748,1.0
0.05239030779305828,1.0
0.05240746806419915,1.0
0.05242463958060288,1.0
0.05244182235332678,1.0
0.05245901639344262,1.0
0.05247622171203673,1.0
0.05249343832020997,1.0
0.05251066622907778,1.0
0.05252790544977019,1.0
0.052545155993431854,1.0
0.052562417871222074,1.0
0.05257969109431482,1.0
0.05259697567389875,1.0
0.052614271621177246,1.0
0.05263157894736842,1.0
0.05264889766370517,1.0
0.052666227781435156,1.0
0.052683569311820874,1.0
0.052700922266139656,1.0
0.05271828665568369,1.0
0.05273566249176005,1.0
0.05275304978569074,1.0
0.052770448548812667,1.0
0.05278785879247773,1.0
0.052805280528052806,1.0
0.05282271376691978,1.0
0.052840158520475564,1.0
0.052857614800132145,1.0
0.05287508261731659,1.0
0.05289256198347107,1.0
0.05291005291005291,1.0
0.05292755540853457,1.0
0.05294506949040371,1.0
0.052962595167163194,1.0
0.052980132450331126,1.0
0.052997681351440874,1.0
0.053015241882041084,1.0
0.053032814053695726,1.0
0.05305039787798409,1.0
0.05306799336650083,1.0
0.05308560053085601,1.0
0.05310321938267507,1.0
0.05312084993359894,1.0
0.05313849219528396,1.0
0.053156146179401995,1.0
0.053173811897640415,1.0
0.05319148936170213,1.0
0.05320917858330562,1.0
0.05322687957418496,1.0
0.05324459234608985,1.0
0.05326231691078562,1.0
0.05328005328005328,1.0
0.05329780146568954,1.0
0.053315561479506834,1.0
0.05333333333333334,1.0
0.053351117039013005,1.0
0.0533689126084056,1.0
0.05338672005338672,1.0
0.0534045393858478,1.0
0.05342237061769616,1.0
0.053440213760855046,1.0
0.053458068827263616,1.0
0.053475935828877004,1.0
0.053493814777666335,1.0
0.05351170568561873,1.0
0.05352960856473737,1.0
0.0535475234270415,1.0
0.053565450284566454,1.0
0.0535833891493637,1.0
0.05360134003350084,1.0
0.05361930294906166,1.0
0.05363727790814616,1.0
0.05365526492287056,1.0
0.05367326400536732,1.0
0.053691275167785234,1.0
0.05370929842228936,1.0
0.053727333781061114,1.0
0.05374538125629829,1.0
0.053763440860215055,1.0
0.05378151260504202,1.0
0.05379959650302623,1.0
0.053817692566431215,1.0
0.05383580080753701,1.0
0.05385392123864019,1.0
0.05387205387205387,1.0
0.05389019872010778,1.0
0.05390835579514825,1.0
0.053926525109538256,1.0
0.05394470667565745,1.0
0.05396290050590219,1.0
0.05398110661268556,1.0
0.0539993250084374,1.0
0.05401755570560432,1.0
0.05403579871664978,1.0
0.05405405405405406,1.0
0.054072321730314295,1.0
0.054090601757944556,1.0
0.05410889414947582,1.0
0.05412719891745602,1.0
0.05414551607445008,1.0
0.05416384563303995,1.0
0.054182187605824585,1.0
0.05420054200542006,1.0
0.054218908844459505,1.0
0.05423728813559322,1.0
0.05425567989148864,1.0
0.054274084124830396,1.0
0.054292500848320324,1.0
0.05431093007467753,1.0
0.05432937181663837,1.0
0.05434782608695652,1.0
0.05436629289840299,1.0
0.054384772263766146,1.0
0.05440326419585175,1.0
0.05442176870748299,1.0
0.05444028581150051,1.0
0.05445881552076242,1.0
0.054477357848144364,1.0
0.05449591280653951,1.0
0.054514480408858604,1.0
0.054533060668029994,1.0
0.05455165359699966,1.0
0.054570259208731244,1.0
0.05458887751620607,1.0
0.05460750853242321,1.0
0.05462615227039946,1.0
0.0546448087431694,1.0
0.05466347796378545,1.0
0.05468215994531784,1.0
0.0547008547008547,1.0
0.05471956224350205,1.0
0.05473828258638385,1.0
0.05475701574264202,1.0
0.054775761725436495,1.0
0.0547945205479452,1.0
0.05481329222336417,1.0
0.05483207676490747,1.0
0.054850874185807336,1.0
0.05486968449931413,1.0
0.0548885077186964,1.0
0.05490734385724091,1.0
0.05492619292825266,1.0
0.054945054945054944,1.0
0.05496392992098935,1.0
0.054982817869415807,1.0
0.055001718803712615,1.0
0.055020632737276476,1.0
0.05503955968352253,1.0
0.05505849965588438,1.0
0.055077452667814115,1.0
0.05509641873278237,1.0
0.05511539786427833,1.0
0.05513439007580979,1.0
0.055153395380903136,1.0
0.05517241379310345,1.0
0.055191445325974475,1.0
0.05521048999309869,1.0
0.055229547808077324,1.0
0.055248618784530384,1.0
0.055267702936096716,1.0
0.055286800276434005,1.0
0.055305910819218804,1.0
0.05532503457814661,1.0
0.05534417156693186,1.0
0.05536332179930796,1.0
0.055382485289027346,1.0
0.055401662049861494,1.0
0.05542085209560097,1.0
0.05544005544005544,1.0
0.05545927209705372,1.0
0.05547850208044383,1.0
0.05549774540409296,1.0
0.055517002081887576,1.0
0.055536272127733426,1.0
0.05555555555555555,1.0
0.055574852379298365,1.0
0.05559416261292564,1.0
0.05561348627042058,1.0
0.055632823365785816,1.0
0.05565217391304348,1.0
0.055671537926235214,1.0
0.055690915419422206,1.0
0.055710306406685235,1.0
0.055729710902124696,1.0
0.05574912891986063,1.0
0.055768560474032766,1.0
0.05578800557880056,1.0
0.055807464248343215,1.0
0.055826936496859735,1.0
0.055846422338568937,1.0
0.055865921787709494,1.0
0.055885434858539994,1.0
0.055904961565338925,1.0
0.05592450192240475,1.0
0.055944055944055944,1.0
0.05596362364463099,1.0
0.05598320503848846,1.0
0.056002800140007,1.0
0.056022408963585436,1.0
0.05604203152364273,1.0
0.05606166783461808,1.0
0.05608131791097091,1.0
0.056100981767180924,1.0
0.05612065941774816,1.0
0.056140350877192984,1.0
0.05616005616005616,1.0
0.056179775280898875,1.0
0.056199508254302775,1.0
0.05621925509486999,1.0
0.056239015817223195,1.0
0.05625879043600562,1.0
0.056278578965881114,1.0
0.05629838142153413,1.0
0.056318197817669835,1.0
0.056338028169014086,1.0
0.05635787249031349,1.0
0.05637773079633545,1.0
0.05639760310186817,1.0
0.056417489421720736,1.0
0.0564373897707231,1.0
0.056457304163726185,1.0
0.056477232615601836,1.0
0.05649717514124294,1.0
0.0565171317555634,1.0
0.05653710247349823,1.0
0.056557087310003536,1.0
0.056577086280056574,1.0
0.05659709939865582,1.0
0.056617126680820945,1.0
0.05663716814159292,1.0
0.056657223796033995,1.0
0.05667729365922777,1.0
0.05669737774627923,1.0
0.05671747607231478,1.0
0.05673758865248227,1.0
0.056757715501951043,1.0
0.05677785663591199,1.0
0.05679801206957757,1.0
0.056818181818181816,1.0
0.056838365896980464,1.0
0.05685856432125089,1.0
0.056878777106292217,1.0
0.05689900426742532,1.0
0.056919245819992886,1.0
0.05693950177935943,1.0
0.05695977216091136,1.0
0.05698005698005698,1.0
0.057000356252226575,1.0
0.05702066999287242,1.0
0.0570409982174688,1.0
0.05706134094151213,1.0
0.05708169818052087,1.0
0.05710206995003569,1.0
0.057122456265619424,1.0
0.05714285714285714,1.0
0.0571632725973562,1.0
0.057183702644746245,1.0
0.0572041473006793,1.0
0.05722460658082976,1.0
0.057245080500894455,1.0
0.0572655690765927,1.0
0.05728607232366631,1.0
0.05730659025787966,1.0
0.057327122895019705,1.0
0.05734767025089606,1.0
0.05736823234134098,1.0
0.05738880918220947,1.0
0.05740940078937926,1.0
0.057430007178750894,1.0
0.05745062836624776,1.0
0.05747126436781609,1.0
0.05749191519942508,1.0
0.05751258087706686,1.0
0.05753326141675656,1.0
0.05755395683453238,1.0
0.05757466714645556,1.0
0.05759539236861051,1.0
0.05761613251710479,1.0
0.05763688760806916,1.0
0.05765765765765766,1.0
0.05767844268204758,1.0
0.0576992426974396,1.0
0.05772005772005772,1.0
0.057740887766149405,1.0
0.05776173285198556,1.0
0.0577825929938606,1.0
0.057803468208092484,1.0
0.057824358511022765,1.0
0.05784526391901663,1.0
0.05786618444846293,1.0
0.05788712011577424,1.0
0.057908070937386896,1.0
0.05792903692976104,1.0
0.057950018109380656,1.0
0.057971014492753624,1.0
0.05799202609641174,1.0
0.05801305293691081,1.0
0.05803409503083061,1.0
0.05805515239477504,1.0
0.05807622504537205,1.0
0.05809731299927379,1.0
0.05811841627315656,1.0
0.05813953488372093,1.0
0.05816066884769175,1.0
0.05818181818181818,1.0
0.05820298290287377,1.0
0.05822416302765648,1.0
0.058245358572988716,1.0
0.05826656955571741,1.0
0.058287795992714025,1.0
0.05830903790087463,1.0
0.058330295297119944,1.0
0.058351568198395334,1.0
0.058372856621670924,1.0
0.058394160583941604,1.0
0.058415480102227094,1.0
0.05843681519357195,1.0
0.05845816587504567,1.0
0.05847953216374269,1.0
0.05850091407678245,1.0
0.058522311631309436,1.0
0.05854372484449323,1.0
0.05856515373352855,1.0
0.0585865983156353,1.0
0.05860805860805861,1.0
0.05862953462806889,1.0
0.05865102639296188,1.0
0.058672533920058674,1.0
0.058694057226705794,1.0
0.05871559633027523,1.0
0.05873715124816446,1.0
0.05875872199779655,1.0
0.05878030859662013,1.0
0.05880191106210952,1.0
0.058823529411764705,1.0
0.05884516366311144,1.0
0.05886681383370125,1.0
0.05888847994111152,1.0
0.05891016200294551,1.0
0.058931860036832415,1.0
0.058953574060427415,1.0
0.058975304091411725,1.0
0.058997050147492625,1.0
0.05901881224640354,1.0
0.05904059040590406,1.0
0.05906238464377999,1.0
0.059084194977843424,1.0
0.05910602142593277,1.0
0.059127864005912786,1.0
0.059149722735674676,1.0
0.05917159763313609,1.0
0.059193488716241215,1.0
0.05921539600296077,1.0
0.059237319511292116,1.0
0.05925925925925926,1.0
0.05928121526491293,1.0
0.05930318754633061,1.0
0.05932517612161661,1.0
0.05934718100890208,1.0
0.059369202226345084,1.0
0.05939123979213066,1.0
0.05941329372447085,1.0
0.05943536404160475,1.0
0.059457450761798585,1.0
0.05947955390334572,1.0
0.05950167348456675,1.0
0.05952380952380952,1.0
0.0595459620394492,1.0
0.05956813104988831,1.0
0.0595903165735568,1.0
0.05961251862891207,1.0
0.05963473723443906,1.0
0.05965697240865026,1.0
0.05967922417008579,1.0
0.05970149253731343,1.0
0.059723777528928705,1.0
0.05974607916355489,1.0
0.05976839745984311,1.0
0.059790732436472344,1.0
0.059813084112149535,1.0
0.05983545250560957,1.0
0.05985783763561541,1.0
0.059880239520958084,1.0
0.05990265818045676,1.0
0.0599250936329588,1.0
0.059947545897339825,1.0
0.05997001499250375,1.0
0.05999250093738283,1.0
0.06001500375093773,1.0
0.0600375234521576,1.0
0.06006006006006006,1.0
0.060082613593691325,1.0
0.06010518407212622,1.0
0.06012777151446824,1.0
0.06015037593984962,1.0
0.06017299736743136,1.0
0.06019563581640331,1.0
0.06021829130598419,1.0
0.060240963855421686,1.0
0.060263653483992465,1.0
0.06028636021100226,1.0
0.0603090840557859,1.0
0.06033182503770739,1.0
0.06035458317615994,1.0
0.06037735849056604,1.0
0.0604001510003775,1.0
0.06042296072507553,1.0
0.06044578768417076,1.0
0.06046863189720333,1.0
0.06049149338374291,1.0
0.060514372163388806,1.0
0.06053726825576996,1.0
0.06056018168054504,1.0
0.0605831124574025,1.0
0.06060606060606061,1.0
0.06062902614626753,1.0
0.060652009097801364,1.0
0.06067500948047023,1.0
0.06069802731411229,1.0
0.06072106261859583,1.0
0.060744115413819286,1.0
0.060767185719711354,1.0
0.060790273556231005,1.0
0.06081337894336754,1.0
0.060836501901140684,1.0
0.060859642449600605,1.0
0.060882800608828,1.0
0.06090597639893414,1.0
0.06092916984006093,1.0
0.06095238095238095,1.0
0.06097560975609756,1.0
0.06099885627144491,1.0
0.06102212051868802,1.0
0.061045402518122856,1.0
0.061068702290076333,1.0
0.061092019854906456,1.0
0.061115355233002294,1.0
0.061138708444784105,1.0
0.06116207951070336,1.0
0.06118546845124283,1.0
0.061208875286916604,1.0
0.06123230003827019,1.0
0.06125574272588055,1.0
0.06127920337035619,1.0
0.06130268199233716,1.0
0.06132617861249521,1.0
0.06134969325153374,1.0
0.06137322593018796,1.0
0.06139677666922486,1.0
0.061420345489443376,1.0
0.06144393241167435,1.0
0.06146753745678064,1.0
0.061491160645657184,1.0
0.06151480199923107,1.0
0.06153846153846154,1.0
0.06156213928434013,1.0
0.061585835257890686,1.0
0.061609549480169425,1.0
0.061633281972265024,1.0
0.06165703275529865,1.0
0.06168080185042406,1.0
0.06170458927882761,1.0
0.06172839506172839,1.0
0.061752219220378234,1.0
0.06177606177606178,1.0
0.06179992275009656,1.0
0.061823802163833076,1.0
0.061847700038654814,1.0
0.061871616395978345,1.0
0.061895551257253385,1.0
0.06191950464396285,1.0
0.06194347657762292,1.0
0.061967467079783116,1.0
0.06199147617202635,1.0
0.06201550387596899,1.0
0.062039550213260956,1.0
0.062063615205585725,1.0
0.06208769887466046,1.0
0.062111801242236024,1.0
0.062135922330097085,1.0
0.06216006216006216,1.0
0.06218422075398368,1.0
0.06220839813374806,1.0
0.062232594321275765,1.0
0.0622568093385214,1.0
0.06228104320747373,1.0
0.06230529595015576,1.0
0.06232956758862485,1.0
0.06235385814497272,1.0
0.06237816764132553,1.0
0.062402496099843996,1.0
0.06242684354272337,1.0
0.0624512099921936,1.0
0.06247559547051933,1.0
0.0625,1.0
0.0625244236029699,1.0
0.06254886630179828,1.0
0.06257332811888933,1.0
0.06259780907668232,1.0
0.06262230919765166,1.0
0.06264682850430697,1.0
0.06267136701919311,1.0
0.06269592476489028,1.0
0.06272050176401411,1.0
0.06274509803921569,1.0
0.06276971361318164,1.0
0.06279434850863422,1.0
0.06281900274833137,1.0
0.06284367635506677,1.0
0.06286836935166994,1.0
0.06289308176100629,1.0
0.06291781360597719,1.0
0.06294256490952006,1.0
0.06296733569460843,1.0
0.06299212598425197,1.0
0.06301693580149666,1.0
0.06304176516942474,1.0
0.06306661411115491,1.0
0.06309148264984227,1.0
0.0631163708086785,1.0
0.06314127861089187,1.0
0.06316620607974734,1.0
0.0631911532385466,1.0
0.06321612011062822,1.0
0.06324110671936758,1.0
0.06326611308817714,1.0
0.06329113924050633,1.0
0.06331618519984171,1.0
0.06334125098970704,1.0
0.06336633663366337,1.0
0.06339144215530904,1.0
0.06341656757827982,1.0
0.063441712926249,1.0
0.0634668782229274,1.0
0.06349206349206349,1.0
0.06351726875744343,1.0
0.06354249404289118,1.0
0.06356773937226858,1.0
0.06359300476947535,1.0
0.0636182902584493,1.0
0.06364359586316627,1.0
0.06366892160764027,1.0
0.06369426751592357,1.0
0.06371963361210672,1.0
0.06374501992031872,1.0
0.06377042646472698,1.0
0.06379585326953748,1.0
0.06382130035899482,1.0
0.06384676775738228,1.0
0.06387225548902195,1.0
0.06389776357827476,1.0
0.06392329204954054,1.0
0.0639488409272582,1.0
0.06397441023590564,1.0
0.064,1.0
0.06402561024409764,1.0
0.06405124099279423,1.0
0.06407689227072487,1.0
0.0641025641025641,1.0
0.06412825651302605,1.0
0.06415396952686447,1.0
0.06417970316887285,1.0
0.06420545746388442,1.0
0.06423123243677238,1.0
0.0642570281124498,1.0
0.06428284451586982,1.0
0.06430868167202572,1.0
0.06433453960595094,1.0
0.06436041834271923,1.0
0.06438631790744467,1.0
0.0644122383252818,1.0
0.0644381796214257,1.0
0.064464141821112,1.0
0.06449012494961709,1.0
0.06451612903225806,1.0
0.0645421540943929,1.0
0.0645682001614205,1.0
0.06459426725878079,1.0
0.06462035541195477,1.0
0.06464646464646465,1.0
0.0646725949878739,1.0
0.0646987464617873,1.0
0.06472491909385113,1.0
0.06475111290975313,1.0
0.06477732793522267,1.0
0.06480356419603078,1.0
0.06482982171799027,1.0
0.06485610052695581,1.0
0.064882400648824,1.0
0.06490872210953347,1.0
0.06493506493506493,1.0
0.06496142915144133,1.0
0.06498781478472786,1.0
0.0650142218610321,1.0
0.06504065040650407,1.0
0.06506710044733631,1.0
0.06509357200976404,1.0
0.06512006512006512,1.0
0.06514657980456026,1.0
0.06517311608961303,1.0
0.06519967400162999,1.0
0.06522625356706074,1.0
0.06525285481239804,1.0
0.06527947776417789,1.0
0.0653061224489796,1.0
0.06533278889342589,1.0
0.06535947712418301,1.0
0.06538618716796077,1.0
0.06541291905151267,1.0
0.065439672801636,1.0
0.06546644844517185,1.0
0.06549324600900532,1.0
0.06552006552006552,1.0
0.06554690700532569,1.0
0.06557377049180328,1.0
0.06560065600656007,1.0
0.06562756357670221,1.0
0.06565449322938038,1.0
0.06568144499178982,1.0
0.06570841889117043,1.0
0.0657354149548069,1.0
0.06576243321002877,1.0
0.06578947368421052,1.0
0.0658165364047717,1.0
0.06584362139917696,1.0
0.06587072869493618,1.0
0.06589785831960461,1.0
0.06592501030078286,1.0
0.06595218466611706,1.0
0.06597938144329897,1.0
0.066006600660066,1.0
0.0660338423442014,1.0
0.06606110652353427,1.0
0.06608839322593969,1.0
0.06611570247933884,1.0
0.06614303431169904,1.0
0.06617038875103391,1.0
0.06619776582540339,1.0
0.06622516556291391,1.0
0.06625258799171843,1.0
0.06628003314001657,1.0
0.0663075010360547,1.0
0.06633499170812604,1.0
0.06636250518457072,1.0
0.06639004149377593,1.0
0.06641760066417601,1.0
0.0664451827242525,1.0
0.06647278770253427,1.0
0.06650041562759768,1.0
0.06652806652806653,1.0
0.06655574043261231,1.0
0.06658343736995423,1.0
0.06661115736885928,1.0
0.06663890045814244,1.0
0.06666666666666667,1.0
0.06669445602334306,1.0
0.06672226855713094,1.0
0.06675010429703797,1.0
0.0667779632721202,1.0
0.06680584551148225,1.0
0.06683375104427736,1.0
0.06686167989970748,1.0
0.06688963210702341,1.0
0.06691760769552489,1.0
0.06694560669456066,1.0
0.06697362913352867,1.0
0.06700167504187604,1.0
0.06702974444909929,1.0
0.06705783738474434,1.0
0.06708595387840671,1.0
0.06711409395973154,1.0
0.06714225765841376,1.0
0.06717044500419815,1.0
0.06719865602687947,1.0
0.06722689075630252,1.0
0.06725514922236234,1.0
0.0672834314550042,1.0
0.06731173748422381,1.0
0.06734006734006734,1.0
0.06736842105263158,1.0
0.06739679865206402,1.0
0.067425200168563,1.0
0.06745362563237774,1.0
0.06748207507380852,1.0
0.06751054852320675,1.0
0.0675390460109751,1.0
0.06756756756756757,1.0
0.06759611322348964,1.0
0.0676246830092984,1.0
0.06765327695560254,1.0
0.0676818950930626,1.0
0.06771053745239103,1.0
0.06773920406435224,1.0
0.0677678949597628,1.0
0.06779661016949153,1.0
0.06782534972445951,1.0
0.06785411365564037,1.0
0.06788290199406025,1.0
0.06791171477079797,1.0
0.06794055201698514,1.0
0.06796941376380629,1.0
0.06799830004249893,1.0
0.06802721088435375,1.0
0.06805614632071459,1.0
0.06808510638297872,1.0
0.06811409110259685,1.0
0.06814310051107325,1.0
0.06817213463996591,1.0
0.06820119352088662,1.0
0.06823027718550106,1.0
0.06825938566552901,1.0
0.06828851899274435,1.0
0.06831767719897523,1.0
0.06834686031610424,1.0
0.06837606837606838,1.0
0.06840530141085935,1.0
0.06843455945252352,1.0
0.06846384253316218,1.0
0.0684931506849315,1.0
0.06852248394004283,1.0
0.06855184233076264,1.0
0.06858122588941278,1.0
0.0686106346483705,1.0
0.06864006864006864,1.0
0.06866952789699571,1.0
0.068699012451696,1.0
0.06872852233676977,1.0
0.06875805758487323,1.0
0.06878761822871883,1.0
0.06881720430107527,1.0
0.06884681583476764,1.0
0.06887645286267757,1.0
0.06890611541774333,1.0
0.06893580353295993,1.0
0.06896551724137931,1.0
0.06899525657611039,1.0
0.06902502157031924,1.0
0.06905481225722918,1.0
0.0690846286701209,1.0
0.06911447084233262,1.0
0.06914433880726016,1.0
0.06917423259835712,1.0
0.06920415224913495,1.0
0.06923409779316313,1.0
0.06926406926406926,1.0
0.0692940666955392,1.0
0.06932409012131716,1.0
0.06935413957520589,1.0
0.06938421509106678,1.0
0.06941431670281996,1.0
0.06944444444444445,1.0
0.0694745983499783,1.0
0.06950477845351868,1.0
0.06953498478922207,1.0
0.06956521739130435,1.0
0.06959547629404089,1.0
0.06962576153176675,1.0
0.0696560731388768,1.0
0.06968641114982578,1.0
0.06971677559912855,1.0
0.06974716652136007,1.0
0.06977758395115569,1.0
0.06980802792321117,1.0
0.06983849847228285,1.0
0.06986899563318777,1.0
0.06989951944080385,1.0
0.06993006993006994,1.0
0.069960647135986,1.0
0.0699912510936133,1.0
0.0700218818380744,1.0
0.07005253940455342,1.0
0.0700832238282961,1.0
0.07011393514460999,1.0
0.07014467338886453,1.0
0.07017543859649122,1.0
0.07020623080298377,1.0
0.07023705004389816,1.0
0.07026789635485288,1.0
0.070298769771529,1.0
0.07032967032967033,1.0
0.07036059806508356,1.0
0.07039155301363836,1.0
0.07042253521126761,1.0
0.07045354469396742,1.0
0.07048458149779736,1.0
0.07051564565888056,1.0
0.07054673721340388,1.0
0.070577856197618,1.0
0.0706090026478376,1.0
0.0706401766004415,1.0
0.0706713780918728,1.0
0.07070260715863898,1.0
0.07073386383731212,1.0
0.07076514816452897,1.0
0.07079646017699115,1.0
0.07082779991146525,1.0
0.070859167404783,1.0
0.07089056269384138,1.0
0.07092198581560284,1.0
0.07095343680709534,1.0
0.0709849157054126,1.0
0.07101642254771416,1.0
0.07104795737122557,1.0
0.07107952021323856,1.0
0.07111111111111111,1.0
0.07114273010226767,1.0
0.0711743772241993,1.0
0.07120605251446373,1.0
0.07123775601068566,1.0
0.07126948775055679,1.0
0.07130124777183601,1.0
0.07133303611234953,1.0
0.07136485280999108,1.0
0.071396697902722,1.0
0.07142857142857142,1.0
0.07146047342563644,1.0
0.07149240393208221,1.0
0.07152436298614215,1.0
0.07155635062611806,1.0
0.07158836689038031,1.0
0.07162041181736795,1.0
0.07165248544558889,1.0
0.07168458781362007,1.0
0.07171671896010758,1.0
0.07174887892376682,1.0
0.07178106774338268,1.0
0.0718132854578097,1.0
0.07184553210597217,1.0
0.07187780772686433,1.0
0.07191011235955057,1.0
0.07194244604316546,1.0
0.07197480881691408,1.0
0.07200720072007201,1.0
0.07203962179198559,1.0
0.07207207207207207,1.0
0.07210455159981974,1.0
0.0721370604147881,1.0
0.07216959855660803,1.0
0.07220216606498195,1.0
0.07223476297968397,1.0
0.07226738934056007,1.0
0.07230004518752824,1.0
0.07233273056057866,1.0
0.07236544549977386,1.0
0.07239819004524888,1.0
0.0724309642372114,1.0
0.07246376811594203,1.0
0.07249660172179428,1.0
0.07252946509519492,1.0
0.07256235827664399,1.0
0.07259528130671507,1.0
0.07262823422605538,1.0
0.07266121707538602,1.0
0.07269422989550205,1.0
0.07272727272727272,1.0
0.07276034561164166,1.0
0.07279344858962693,1.0
0.07282658170232134,1.0
0.07285974499089254,1.0
0.07289293849658314,1.0
0.07292616226071102,1.0
0.0729594163246694,1.0
0.072992700729927,1.0
0.0730260155180283,1.0
0.0730593607305936,1.0
0.07309273640931932,1.0
0.07312614259597806,1.0
0.07315957933241884,1.0
0.07319304666056725,1.0
0.07322654462242563,1.0
0.07326007326007326,1.0
0.07329363261566652,1.0
0.07332722273143905,1.0
0.07336084364970197,1.0
0.07339449541284404,1.0
0.07342817806333181,1.0
0.07346189164370982,1.0
0.07349563619660082,1.0
0.07352941176470588,1.0
0.0735632183908046,1.0
0.07359705611775529,1.0
0.07363092498849516,1.0
0.07366482504604052,1.0
0.07369875633348687,1.0
0.07373271889400922,1.0
0.07376671277086215,1.0
0.07380073800738007,1.0
0.07383479464697738,1.0
0.07386888273314866,1.0
0.07390300230946882,1.0
0.07393715341959335,1.0
0.07397133610725844,1.0
0.07400555041628122,1.0
0.07403979639055992,1.0
0.07407407407407407,1.0
0.07410838351088467,1.0
0.07414272474513438,1.0
0.07417709782104775,1.0
0.07421150278293136,1.0
0.07424593967517401,1.0
0.07428040854224698,1.0
0.07431490942870414,1.0
0.07434944237918216,1.0
0.07438400743840075,1.0
0.07441860465116279,1.0
0.07445323406235459,1.0
0.074487895716946,1.0
0.07452258965999069,1.0
0.07455731593662628,1.0
0.07459207459207459,1.0
0.07462686567164178,1.0
0.07466168922071861,1.0
0.07469654528478058,1.0
0.07473143390938813,1.0
0.07476635514018691,1.0
0.0748013090229079,1.0
0.07483629560336763,1.0
0.07487131492746842,1.0
0.0749063670411985,1.0
0.07494145199063232,1.0
0.07497656982193064,1.0
0.07501172058134084,1.0
0.075046904315197,1.0
0.07508212106992022,1.0
0.07511737089201878,1.0
0.0751526538280883,1.0
0.07518796992481203,1.0
0.07522331922896097,1.0
0.07525870178739416,1.0
0.07529411764705882,1.0
0.07532956685499058,1.0
0.07536504945831371,1.0
0.07540056550424128,1.0
0.07543611504007544,1.0
0.07547169811320754,1.0
0.07550731477111845,1.0
0.07554296506137866,1.0
0.07557864903164856,1.0
0.07561436672967864,1.0
0.07565011820330969,1.0
0.07568590350047304,1.0
0.07572172266919072,1.0
0.07575757575757576,1.0
0.07579346281383231,1.0
0.07582938388625593,1.0
0.07586533902323377,1.0
0.07590132827324478,1.0
0.07593735168485999,1.0
0.07597340930674264,1.0
0.07600950118764846,1.0
0.07604562737642585,1.0
0.07608178792201617,1.0
0.07611798287345385,1.0
0.07615421227986673,1.0
0.0761904761904762,1.0
0.07622677465459743,1.0
0.07626310772163966,1.0
0.07629947544110634,1.0
0.07633587786259542,1.0
0.07637231503579953,1.0
0.07640878701050621,1.0
0.07644529383659819,1.0
0.07648183556405354,1.0
0.07651841224294596,1.0
0.07655502392344497,1.0
0.07659167065581618,1.0
0.07662835249042145,1.0
0.07666506947771921,1.0
0.07670182166826463,1.0
0.07673860911270983,1.0
0.07677543186180422,1.0
0.07681228996639462,1.0
0.07684918347742556,1.0
0.07688611244593946,1.0
0.07692307692307693,1.0
0.07696007696007696,1.0
0.07699711260827719,1.0
0.07703418391911411,1.0
0.07707129094412331,1.0
0.07710843373493977,1.0
0.07714561234329798,1.0
0.07718282682103232,1.0
0.07722007722007722,1.0
0.0772573635924674,1.0
0.07729468599033816,1.0
0.07733204446592556,1.0
0.07736943907156674,1.0
0.07740686985970005,1.0
0.07744433688286544,1.0
0.0774818401937046,1.0
0.07751937984496124,1.0
0.07755695588948133,1.0
0.07759456838021339,1.0
0.07763221737020863,1.0
0.07766990291262135,1.0
0.07770762506070908,1.0
0.07774538386783285,1.0
0.07778317938745746,1.0
0.07782101167315175,1.0
0.07785888077858881,1.0
0.07789678675754626,1.0
0.07793472966390648,1.0
0.07797270955165692,1.0
0.0780107264748903,1.0
0.07804878048780488,1.0
0.07808687164470474,1.0
0.078125,1.0
0.07816316560820713,1.0
0.07820136852394917,1.0
0.07823960880195599,1.0
0.07827788649706457,1.0
0.07831620166421928,1.0
0.07835455435847209,1.0
0.07839294463498285,1.0
0.0784313725490196,1.0
0.0784698381559588,1.0
0.07850834151128558,1.0
0.07854688267059401,1.0
0.07858546168958742,1.0
0.07862407862407862,1.0
0.07866273352999016,1.0
0.07870142646335465,1.0
0.07874015748031496,1.0
0.07877892663712457,1.0
0.07881773399014778,1.0
0.07885657959586002,1.0
0.07889546351084813,1.0
0.07893438579181056,1.0
0.07897334649555775,1.0
0.07901234567901234,1.0
0.07905138339920949,1.0
0.07909045971329709,1.0
0.0791295746785361,1.0
0.07867392380009897,0.99375
0.07871287128712871,0.99375
0.0787518573551263,0.99375
0.07879088206144698,0.99375
0.07882994546355974,0.99375
0.07886904761904762,0.99375
0.07890818858560794,0.99375
0.07894736842105263,0.99375
0.07898658718330849,0.99375
0.07902584493041749,0.99375
0.07906514172053705,0.99375
0.0791044776119403,0.99375
0.07914385266301642,0.99375
0.07918326693227092,0.99375
0.07922272047832586,0.99375
0.07926221335992024,0.99375
0.07930174563591022,0.99375
0.07934131736526946,0.99375
0.07938092860708937,0.99375
0.07942057942057942,0.99375
0.07946026986506746,0.99375
0.0795,0.99375
0.07953976988494248,0.99375
0.07957957957957958,0.99375
0.07961942914371557,0.99375
0.07965931863727455,0.99375
0.07969924812030076,0.99375
0.07973921765295888,0.99375
0.07977922729553437,0.99375
0.07981927710843373,0.99375
0.07985936715218483,0.99375
0.07989949748743719,0.99375
0.07993966817496229,0.99375
0.07997987927565392,0.99375
0.08002013085052843,0.99375
0.08006042296072508,0.99375
0.0801007556675063,0.99375
0.08014112903225806,0.99375
0.08018154311649017,0.99375
0.08022199798183653,0.99375
0.08026249369005553,0.99375
0.0803030303030303,0.99375
0.08034360788276908,0.99375
0.08038422649140546,0.99375
0.08042488619119878,0.99375
0.08046558704453441,0.99375
0.08050632911392405,0.99375
0.08054711246200608,0.99375
0.08058793715154587,0.99375
0.0806288032454361,0.99375
0.0806697108066971,0.99375
0.08071065989847716,0.99375
0.08075165058405281,0.99375
0.08079268292682927,0.99375
0.08083375699034062,0.99375
0.08087487283825025,0.99375
0.08091603053435115,0.99375
0.08095723014256619,0.99375
0.08099847172694855,0.99375
0.08103975535168195,0.99375
0.08108108108108109,0.99375
0.08112244897959184,0.99375
0.08116385911179173,0.99375
0.08120531154239019,0.99375
0.08124680633622892,0.99375
0.08128834355828221,0.99375
0.08132992327365729,0.99375
0.08137154554759468,0.99375
0.08141321044546851,0.99375
0.08145491803278689,0.99375
0.0814966683751922,0.99375
0.08153846153846153,0.99375
0.08158029758850692,0.99375
0.08162217659137577,0.99375
0.08166409861325115,0.99375
0.08170606372045221,0.99375
0.08174807197943444,0.99375
0.08179012345679013,0.99375
0.08183221821924859,0.99375
0.08187435633367662,0.99375
0.08191653786707882,0.99375
0.08195876288659794,0.99375
0.08200103145951522,0.99375
0.08204334365325078,0.99375
0.08208569953536396,0.99375
0.08212809917355372,0.99375
0.08217054263565891,0.99375
0.08221302998965874,0.99375
0.08225556130367305,0.99375
0.08229813664596274,0.99375
0.08234075608493009,0.99375
0.08238341968911918,0.99375
0.08242612752721618,0.99375
0.08246887966804979,0.99375
0.08251167618059159,0.99375
0.08255451713395638,0.99375
0.0825974025974026,0.99375
0.08264033264033264,0.99375
0.08268330733229329,0.99375
0.08272632674297607,0.99375
0.0827693909422176,0.99375
0.0828125,0.99375
0.08285565398645128,0.99375
0.08289885297184567,0.99375
0.08294209702660407,0.99375
0.08298538622129437,0.99375
0.08302872062663186,0.99375
0.08307210031347963,0.99375
0.08311552535284893,0.99375
0.08315899581589958,0.99375
0.08320251177394035,0.99375
0.08324607329842931,0.99375
0.08328968046097433,0.99375
0.08333333333333333,0.99375
0.08337703198741479,0.99375
0.08342077649527807,0.99375
0.08346456692913386,0.99375
0.08350840336134453,0.99375
0.08355228586442459,0.99375
0.083596214511041,0.99375
0.08364018937401367,0.99375
0.08368421052631579,0.99375
0.08372827804107424,0.99375
0.08377239199157008,0.99375
0.0838165524512388,0.99375
0.08386075949367089,0.99375
0.08390501319261214,0.99375
0.0839493136219641,0.99375
0.08399366085578447,0.99375
0.08403805496828752,0.99375
0.08408249603384453,0.99375
0.08412698412698413,0.99375
0.08417151932239281,0.99375
0.08421610169491525,0.99375
0.08426073131955485,0.99375
0.08430540827147402,0.99375
0.0843501326259947,0.99375
0.08439490445859872,0.99375
0.0844397238449283,0.99375
0.08395324123273114,0.9875
0.08399787347155768,0.9875
0.08404255319148936,0.9875
0.08408728046833422,0.9875
0.08413205537806177,0.9875
0.08417687799680341,0.9875
0.08422174840085288,0.9875
0.08426666666666667,0.9875
0.08431163287086446,0.9875
0.08435664709022958,0.9875
0.08440170940170941,0.9875
0.08444681988241583,0.9875
0.08449197860962566,0.9875
0.08453718566078117,0.9875
0.08458244111349036,0.9875
0.08462774504552759,0.9875
0.08467309753483387,0.9875
0.08471849865951743,0.9875
0.08476394849785408,0.9875
0.08480944712828771,0.9875
0.08485499462943072,0.9875
0.08490059108006448,0.9875
0.08494623655913978,0.9875
0.0849919311457773,0.9875
0.08503767491926803,0.9875
0.08508346795907377,0.9875
0.08512931034482758,0.9875
0.08517520215633423,0.9875
0.08522114347357065,0.9875
0.08526713437668645,0.9875
0.08531317494600432,0.9875
0.08535926526202053,0.9875
0.08540540540540541,0.9875
0.08545159545700379,0.9875
0.0854978354978355,0.9875
0.08554412560909583,0.9875
0.08559046587215602,0.9875
0.08563685636856369,0.9875
0.08568329718004339,0.9875
0.08572978838849701,0.9875
0.08577633007600434,0.9875
0.08582292232482347,0.9875
0.08586956521739131,0.9875
0.08591625883632409,0.9875
0.08596300326441784,0.9875
0.08600979858464888,0.9875
0.0860566448801743,0.9875
0.08610354223433242,0.9875
0.0861504907306434,0.9875
0.0856519367157665,0.98125
0.08569868995633188,0.98125
0.08574549426542873,0.98125
0.08579234972677596,0.98125
0.08583925642427556,0.98125
0.08588621444201312,0.98125
0.08593322386425835,0.98125
0.0859802847754655,0.98125
0.08602739726027397,0.98125
0.08607456140350878,0.98125
0.08612177729018101,0.98125
0.08616904500548847,0.98125
0.08621636463481604,0.98125
0.08626373626373626,0.98125
0.0863111599780099,0.98125
0.08635863586358636,0.98125
0.0864061640066043,0.98125
0.08645374449339208,0.98125
0.08650137741046832,0.98125
0.08654906284454245,0.98125
0.08659680088251517,0.98125
0.08664459161147903,0.98125
0.08669243511871894,0.98125
0.0867403314917127,0.98125
0.08678828081813156,0.98125
0.0868362831858407,0.98125
0.08688433868289984,0.98125
0.08693244739756367,0.98125
0.08698060941828255,0.98125
0.08702882483370289,0.98125
0.08707709373266778,0.98125
0.08712541620421754,0.98125
0.08717379233759023,0.98125
0.08722222222222223,0.98125
0.08727070594774874,0.98125
0.08731924360400445,0.98125
0.08736783528102393,0.98125
0.08741648106904232,0.98125
0.08746518105849582,0.98125
0.0875139353400223,0.98125
0.08756274400446179,0.98125
0.08761160714285714,0.98125
0.0876605248464545,0.98125
0.08770949720670392,0.98125
0.08775852431525992,0.98125
0.0878076062639821,0.98125
0.08785674314493565,0.98125
0.08790593505039193,0.98125
0.08795518207282914,0.98125
0.08800448430493274,0.98125
0.08805384183959619,0.98125
0.08810325476992144,0.98125
0.08815272318921955,0.98125
0.08820224719101123,0.98125
0.08825182686902755,0.98125
0.08830146231721035,0.98125
0.088351153629713,0.98125
0.0884009009009009,0.98125
0.08845070422535212,0.98125
0.08850056369785794,0.98125
0.08855047941342357,0.98125
0.08860045146726862,0.98125
0.08865047995482778,0.98125
0.08870056497175141,0.98125
0.08875070661390616,0.98125
0.08880090497737557,0.98125
0.08885116015846067,0.98125
0.08890147225368063,0.98125
0.08895184135977337,0.98125
0.08900226757369614,0.98125
0.0890527509926262,0.98125
0.0891032917139614,0.98125
0.08915388983532084,0.98125
0.08920454545454545,0.98125
0.08925525866969869,0.98125
0.08930602957906712,0.98125
0.08935685828116106,0.98125
0.08940774487471526,0.98125
0.08945868945868946,0.98125
0.0895096921322691,0.98125
0.08956075299486595,0.98125
0.08961187214611872,0.98125
0.08966304968589378,0.98125
0.08971428571428572,0.98125
0.08976558033161806,0.98125
0.08981693363844394,0.98125
0.08986834573554665,0.98125
0.08991981672394044,0.98125
0.08997134670487106,0.98125
0.09002293577981652,0.98125
0.09007458405048767,0.98125
0.09012629161882893,0.98125
0.09017805858701895,0.98125
0.0896551724137931,0.975
0.08970672800460035,0.975
0.08975834292289989,0.975
0.08981001727115717,0.975
0.08986175115207373,0.975
0.08991354466858789,0.975
0.08996539792387544,0.975
0.09001731102135026,0.975
0.09006928406466513,0.975
0.09012131715771231,0.975
0.09017341040462427,0.975
0.09022556390977443,0.975
0.09027777777777778,0.975
0.0903300521134916,0.975
0.09038238702201622,0.975
0.09043478260869565,0.975
0.09048723897911833,0.975
0.09053975623911782,0.975
0.09059233449477352,0.975
0.0906449738524114,0.975
0.09069767441860466,0.975
0.09075043630017451,0.975
0.09080325960419092,0.975
0.09085614443797321,0.975
0.09090909090909091,0.975
0.09096209912536443,0.975
0.09101516919486581,0.975
0.09106830122591944,0.975
0.0911214953271028,0.975
0.09117475160724722,0.975
0.0912280701754386,0.975
0.09128145114101814,0.975
0.09133489461358314,0.975
0.0913884007029877,0.975
0.0914419695193435,0.975
0.09149560117302052,0.975
0.09154929577464789,0.975
0.0916030534351145,0.975
0.09165687426556991,0.975
0.09171075837742504,0.975
0.09176470588235294,0.975
0.09181871689228958,0.975
0.09187279151943463,0.975
0.09192692987625221,0.975
0.09198113207547169,0.975
0.0920353982300885,0.975
0.09208972845336481,0.975
0.09214412285883047,0.975
0.09219858156028368,0.975
0.09225310467179183,0.975
0.09230769230769231,0.975
0.09236234458259325,0.975
0.0924170616113744,0.975
0.09247184350918791,0.975
0.09252669039145907,0.975
0.09258160237388724,0.975
0.09263657957244656,0.975
0.09269162210338681,0.975
0.09274673008323424,0.975
0.09280190362879238,0.975
0.09285714285714286,0.975
0.09291244788564622,0.975
0.09296781883194279,0.975
0.09302325581395349,0.975
0.09307875894988067,0.975
0.09313432835820895,0.975
0.0931899641577061,0.975
0.09324566646742379,0.975
0.09330143540669857,0.975
0.0933572710951526,0.975
0.09341317365269461,0.975
0.09346914319952067,0.975
0.09352517985611511,0.975
0.09358128374325135,0.975
0.0936374549819928,0.975
0.0936936936936937,0.975
0.09375,0.975
0.09380637402285028,0.975
0.09386281588447654,0.975
0.09391932570740517,0.975
0.09397590361445783,0.975
0.09403254972875226,0.975
0.09408926417370325,0.975
0.09414604707302354,0.975
0.09420289855072464,0.975
0.09425981873111783,0.975
0.094316807738815,0.975
0.09437386569872959,0.975
0.09443099273607748,0.975
0.09448818897637795,0.975
0.09454545454545454,0.975
0.09460278956943602,0.975
0.09466019417475728,0.975
0.0947176684881603,0.975
0.09477521263669501,0.975
0.09483282674772037,0.975
0.0948905109489051,0.975
0.09494826536822885,0.975
0.09500609013398295,0.975
0.09506398537477148,0.975
0.0951219512195122,0.975
0.09517998779743746,0.975
0.09523809523809523,0.975
0.09529627367135003,0.975
0.09535452322738386,0.975
0.09541284403669725,0.975
0.09547123623011015,0.975
0.09552969993876301,0.975
0.09497549019607843,0.96875
0.0950337216431637,0.96875
0.0950920245398773,0.96875
0.09515039901780234,0.96875
0.0952088452088452,0.96875
0.09526736324523663,0.96875
0.0953259532595326,0.96875
0.09538461538461539,0.96875
0.09544334975369458,0.96875
0.09550215650030808,0.96875
0.09556103575832306,0.96875
0.09561998766193708,0.96875
0.09567901234567901,0.96875
0.09573810994441014,0.96875
0.0957972805933251,0.96875
0.095856524427953,0.96875
0.09591584158415842,0.96875
0.09597523219814241,0.96875
0.09603469640644362,0.96875
0.09609423434593925,0.96875
0.09615384615384616,0.96875
0.09621353196772191,0.96875
0.09627329192546584,0.96875
0.09633312616532007,0.96875
0.09639303482587065,0.96875
0.09645301804604854,0.96875
0.09651307596513076,0.96875
0.09657320872274143,0.96875
0.09663341645885287,0.96875
0.09669369931378664,0.96875
0.09675405742821473,0.96875
0.09681449094316052,0.96875
0.096875,0.96875
0.0969355847404628,0.96875
0.0969962453066333,0.96875
0.09705698184095178,0.96875
0.09711779448621553,0.96875
0.09717868338557993,0.96875
0.0972396486825596,0.96875
0.0973006905210295,0.96875
0.09736180904522614,0.96875
0.09742300439974859,0.96875
0.09748427672955975,0.96875
0.09754562617998741,0.96875
0.09760705289672544,0.96875
0.0976685570258349,0.96875
0.09773013871374527,0.96875
0.09779179810725552,0.96875
0.09785353535353536,0.96875
0.09791535060012634,0.96875
0.0979772439949431,0.96875
0.09803921568627451,0.96875
0.0981012658227848,0.96875
0.09816339455351489,0.96875
0.0982256020278834,0.96875
0.09828788839568801,0.96875
0.0983502538071066,0.96875
0.09841269841269841,0.96875
0.09847522236340533,0.96875
0.09853782581055308,0.96875
0.09860050890585242,0.96875
0.09866327180140039,0.96875
0.09872611464968153,0.96875
0.09878903760356915,0.96875
0.09885204081632654,0.96875
0.09891512444160817,0.96875
0.09897828863346105,0.96875
0.09904153354632587,0.96875
0.09910485933503836,0.96875
0.09916826615483046,0.96875
0.09923175416133162,0.96875
0.09929532351057015,0.96875
0.09935897435897435,0.96875
0.09942270686337396,0.96875
0.09948652118100128,0.96875
0.09890815671162492,0.9625
0.09897172236503857,0.9625
0.09903536977491961,0.9625
0.0990990990990991,0.9625
0.09916291049581455,0.9625
0.09922680412371133,0.9625
0.09929078014184398,0.9625
0.09935483870967741,0.9625
0.09941897998708844,0.9625
0.09948320413436693,0.9625
0.09954751131221719,0.9625
0.09961190168175937,0.9625
0.09967637540453074,0.9625
0.09974093264248704,0.9625
0.09980557355800389,0.9625
0.09987029831387809,0.9625
0.099935107073329,0.9625
0.1,0.9625
0.10006497725795971,0.9625
0.10013003901170352,0.9625
0.10019518542615485,0.9625
0.10026041666666667,0.9625
0.1003257328990228,0.9625
0.10039113428943937,0.9625
0.1004566210045662,0.9625
0.10052219321148825,0.9625
0.10058785107772697,0.9625
0.10065359477124183,0.9625
0.10071942446043165,0.9625
0.10078534031413612,0.9625
0.1008513425016372,0.9625
0.10091743119266056,0.9625
0.10098360655737705,0.9625
0.1010498687664042,0.9625
0.10111621799080761,0.9625
0.1011826544021025,0.9625
0.1012491781722551,0.9625
0.1013157894736842,0.9625
0.10138248847926268,0.9625
0.10144927536231885,0.9625
0.1015161502966381,0.9625
0.10158311345646438,0.9625
0.10165016501650165,0.9625
0.10171730515191546,0.9625
0.10178453403833443,0.9625
0.10185185185185185,0.9625
0.10191925876902713,0.9625
0.10198675496688742,0.9625
0.10205434062292909,0.9625
0.10212201591511937,0.9625
0.10218978102189781,0.9625
0.10225763612217796,0.9625
0.10232558139534884,0.9625
0.1023936170212766,0.9625
0.10246174318030606,0.9625
0.10252996005326231,0.9625
0.10259826782145237,0.9625
0.10266666666666667,0.9625
0.1027351567711808,0.9625
0.102803738317757,0.9625
0.10287241148964596,0.9625
0.10294117647058823,0.9625
0.10301003344481606,0.9625
0.10307898259705489,0.9625
0.10314802411252512,0.9625
0.1032171581769437,0.9625
0.10328638497652583,0.9625
0.10335570469798658,0.9625
0.10342511752854265,0.9625
0.10349462365591398,0.9625
0.10356422326832548,0.9625
0.10363391655450875,0.9625
0.1037037037037037,0.9625
0.10377358490566038,0.9625
0.10384356035064059,0.9625
0.1039136302294197,0.9625
0.10398379473328832,0.9625
0.10405405405405406,0.9625
0.10412440838404327,0.9625
0.10419485791610285,0.9625
0.10426540284360189,0.9625
0.1043360433604336,0.9625
0.10440677966101695,0.9625
0.1044776119402985,0.9625
0.10454854039375425,0.9625
0.10461956521739131,0.9625
0.10469068660774983,0.9625
0.10476190476190476,0.9625
0.10483321987746766,0.9625
0.10490463215258855,0.9625
0.10497614178595774,0.9625
0.10504774897680765,0.9625
0.10511945392491467,0.9625
0.1051912568306011,0.9625
0.10526315789473684,0.9625
0.10533515731874145,0.9625
0.1054072553045859,0.9625
0.10547945205479452,0.9625
0.10555174777244689,0.9625
0.1056241426611797,0.9625
0.10569663692518874,0.9625
0.10576923076923077,0.9625
0.10584192439862543,0.9625
0.10591471801925723,0.9625
0.10598761183757742,0.9625
0.10606060606060606,0.9625
0.10613370089593384,0.9625
0.10620689655172413,0.9625
0.10628019323671498,0.9625
0.106353591160221,0.9625
0.10642709053213545,0.9625
0.10650069156293222,0.9625
0.10657439446366782,0.9625
0.10664819944598337,0.9625
0.10672210672210672,0.9625
0.10679611650485436,0.9625
0.10617626648161,0.95625
0.10625,0.95625
0.1063238359972203,0.95625
0.10639777468706536,0.95625
0.10647181628392484,0.95625
0.10654596100278552,0.95625
0.10662020905923345,0.95625
0.10669456066945607,0.95625
0.10676901605024425,0.95625
0.10684357541899442,0.95625
0.1069182389937107,0.95625
0.106993006993007,0.95625
0.10706787963610917,0.95625
0.10714285714285714,0.95625
0.10721793973370708,0.95625
0.10729312762973352,0.95625
0.10736842105263159,0.95625
0.1074438202247191,0.95625
0.10751932536893886,0.95625
0.10759493670886076,0.95625
0.10767065446868403,0.95625
0.10774647887323943,0.95625
0.10782241014799154,0.95625
0.1078984485190409,0.95625
0.10797459421312633,0.95625
0.10805084745762712,0.95625
0.10812720848056537,0.95625
0.1082036775106082,0.95625
0.10828025477707007,0.95625
0.10835694050991501,0.95625
0.10843373493975904,0.95625
0.10851063829787234,0.95625
0.10858765081618169,0.95625
0.10866477272727272,0.95625
0.10874200426439233,0.95625
0.10881934566145092,0.95625
0.10889679715302492,0.95625
0.10826210826210826,0.95
0.1083392729864576,0.95
0.10841654778887304,0.95
0.10849393290506781,0.95
0.10857142857142857,0.95
0.10864903502501787,0.95
0.10872675250357654,0.95
0.10880458124552612,0.95
0.10888252148997135,0.95
0.10896057347670252,0.95
0.10903873744619799,0.95
0.10911701363962671,0.95
0.10919540229885058,0.95
0.10927390366642703,0.95
0.1093525179856115,0.95
0.10943124550035997,0.95
0.10951008645533142,0.95
0.1095890410958904,0.95
0.10966810966810966,0.95
0.10974729241877257,0.95
0.10982658959537572,0.95
0.1099060014461316,0.95
0.10998552821997105,0.95
0.11006517016654598,0.95
0.11014492753623188,0.95
0.11022480058013052,0.95
0.11030478955007257,0.95
0.11038489469862019,0.95
0.11046511627906977,0.95
0.11054545454545454,0.95
0.11062590975254731,0.95
0.11070648215586307,0.95
0.11078717201166181,0.95
0.11086797957695113,0.95
0.11094890510948906,0.95
0.1110299488677867,0.95
0.1111111111111111,0.95
0.11119239209948793,0.95
0.11127379209370425,0.95
0.11135531135531136,0.95
0.11143695014662756,0.95
0.11151870873074102,0.95
0.11160058737151249,0.95
0.11168258633357825,0.95
0.11176470588235295,0.95
0.11184694628403238,0.95
0.11192930780559647,0.95
0.11201179071481208,0.95
0.11209439528023599,0.95
0.1121771217712177,0.95
0.11225997045790251,0.95
0.1123429416112343,0.95
0.11242603550295859,0.95
0.11250925240562547,0.95
0.11259259259259259,0.95
0.11193476649369903,0.94375
0.11201780415430267,0.94375
0.11210096510764662,0.94375
0.11218424962852898,0.94375
0.11226765799256505,0.94375
0.11235119047619048,0.94375
0.11243484735666419,0.94375
0.11251862891207154,0.94375
0.11260253542132737,0.94375
0.1126865671641791,0.94375
0.11277072442120986,0.94375
0.11285500747384156,0.94375
0.11293941660433807,0.94375
0.11302395209580839,0.94375
0.11310861423220973,0.94375
0.11319340329835083,0.94375
0.11327831957989497,0.94375
0.11336336336336336,0.94375
0.11344853493613824,0.94375
0.11353383458646617,0.94375
0.11361926260346125,0.94375
0.11370481927710843,0.94375
0.11379050489826677,0.94375
0.1138763197586727,0.94375
0.11396226415094339,0.94375
0.11404833836858005,0.94375
0.11413454270597127,0.94375
0.11422087745839637,0.94375
0.11430734292202877,0.94375
0.1143939393939394,0.94375
0.11448066717210008,0.94375
0.11456752655538695,0.94375
0.11465451784358391,0.94375
0.11474164133738601,0.94375
0.11482889733840304,0.94375
0.11491628614916286,0.94375
0.115003808073115,0.94375
0.11509146341463415,0.94375
0.11517925247902365,0.94375
0.11526717557251909,0.94375
0.11535523300229182,0.94375
0.1154434250764526,0.94375
0.11553175210405509,0.94375
0.11562021439509954,0.94375
0.11570881226053639,0.94375
0.11579754601226994,0.94375
0.11588641596316193,0.94375
0.11597542242703533,0.94375
0.11606456571867795,0.94375
0.11615384615384615,0.94375
0.11624326404926867,0.94375
0.11633281972265024,0.94375
0.1164225134926754,0.94375
0.11651234567901235,0.94375
0.1166023166023166,0.94375
0.11669242658423493,0.94375
0.11678267594740913,0.94375
0.11687306501547988,0.94375
0.11696359411309062,0.94375
0.11705426356589148,0.94375
0.11714507370054306,0.94375
0.1172360248447205,0.94375
0.11732711732711733,0.94375
0.11741835147744946,0.94375
0.11750972762645914,0.94375
0.117601246105919,0.94375
0.11769290724863601,0.94375
0.11778471138845553,0.94375
0.11787665886026542,0.94375
0.11796875,0.94375
0.11806098514464425,0.94375
0.11815336463223787,0.94375
0.1182458888018794,0.94375
0.11833855799373041,0.94375
0.11843137254901961,0.94375
0.1185243328100471,0.94375
0.11861743912018853,0.94375
0.11871069182389937,0.94375
0.11880409126671912,0.94375
0.1188976377952756,0.94375
0.11899133175728921,0.94375
0.11908517350157728,0.94375
0.11917916337805841,0.94375
0.11927330173775672,0.94375
0.11936758893280633,0.94375
0.1194620253164557,0.94375
0.11955661124307206,0.94375
0.1196513470681458,0.94375
0.11974623314829501,0.94375
0.11984126984126985,0.94375
0.1199364575059571,0.94375
0.12003179650238474,0.94375
0.12012728719172633,0.94375
0.12022292993630573,0.94375
0.12031872509960159,0.94375
0.12041467304625199,0.94375
0.12051077414205906,0.94375
0.12060702875399361,0.94375
0.12070343725019984,0.94375
0.1208,0.94375
0.12089671737389912,0.94375
0.12099358974358974,0.94375
0.1210906174819567,0.94375
0.12118780096308186,0.94375
0.121285140562249,0.94375
0.12138263665594855,0.94375
0.12148028962188254,0.94375
0.1215780998389694,0.94375
0.12167606768734891,0.94375
0.1217741935483871,0.94375
0.12187247780468119,0.94375
0.12197092084006463,0.94375
0.12206952303961197,0.94375
0.12216828478964402,0.94375
0.12226720647773279,0.94375
0.12236628849270664,0.94375
0.12246553122465531,0.94375
0.12256493506493507,0.94375
0.12266450040617384,0.94375
0.12276422764227642,0.94375
0.12286411716842961,0.94375
0.12296416938110749,0.94375
0.12306438467807661,0.94375
0.1231647634584013,0.94375
0.12326530612244897,0.94375
0.12336601307189543,0.94375
0.12346688470973018,0.94375
0.12356792144026187,0.94375
0.12366912366912367,0.94375
0.12377049180327869,0.94375
0.12387202625102543,0.94375
0.12397372742200329,0.94375
0.12407559572719803,0.94375
0.12417763157894737,0.94375
0.1242798353909465,0.94375
0.1243822075782537,0.94375
0.12448474855729597,0.94375
0.12458745874587458,0.94375
0.12469033856317094,0.94375
0.12479338842975207,0.94375
0.12489660876757651,0.94375
0.125,0.94375
0.1251035625517813,0.94375
0.1252072968490879,0.94375
0.12531120331950207,0.94375
0.12541528239202657,0.94375
0.1255195344970906,0.94375
0.12562396006655574,0.94375
0.1257285595337219,0.94375
0.12583333333333332,0.94375
0.12593828190158465,0.94375
0.12604340567612687,0.94375
0.1261487050960735,0.94375
0.1262541806020067,0.94375
0.12635983263598327,0.94375
0.12646566164154105,0.94375
0.12657166806370496,0.94375
0.1266778523489933,0.94375
0.12678421494542402,0.94375
0.126890756302521,0.94375
0.12699747687132043,0.94375
0.1271043771043771,0.94375
0.12721145745577084,0.94375
0.12731871838111297,0.94375
0.12742616033755275,0.94375
0.12753378378378377,0.94375
0.12764158918005072,0.94375
0.12774957698815567,0.94375
0.12785774767146485,0.94375
0.12796610169491526,0.94375
0.1280746395250212,0.94375
0.12818336162988114,0.94375
0.12829226847918437,0.94375
0.1284013605442177,0.94375
0.12851063829787235,0.94375
0.12862010221465076,0.94375
0.1287297527706735,0.94375
0.128839590443686,0.94375
0.12894961571306576,0.94375
0.12905982905982907,0.94375
0.12917023096663816,0.94375
0.1292808219178082,0.94375
0.1293916023993145,0.94375
0.12950257289879932,0.94375
0.1296137339055794,0.94375
0.12972508591065293,0.94375
0.1298366294067068,0.94375
0.12994836488812392,0.94375
0.13006029285099052,0.94375
0.13017241379310346,0.94375
0.13028472821397757,0.94375
0.1303972366148532,0.94375
0.13050993949870354,0.94375
0.13062283737024222,0.94375
0.13073593073593073,0.94375
0.13084922010398614,0.94375
0.13096270598438856,0.94375
0.1310763888888889,0.94375
0.13119026933101652,0.94375
0.13130434782608696,0.94375
0.13141862489120976,0.94375
0.13153310104529617,0.94375
0.13164777680906714,0.94375
0.13176265270506107,0.94375
0.13187772925764193,0.94375
0.131993006993007,0.94375
0.1321084864391951,0.94375
0.13222416812609458,0.94375
0.13234005258545137,0.94375
0.1324561403508772,0.94375
0.13257243195785778,0.94375
0.13268892794376097,0.94375
0.13280562884784522,0.94375
0.1329225352112676,0.94375
0.13303964757709252,0.94375
0.13315696649029982,0.94375
0.13327449249779347,0.94375
0.1333922261484099,0.94375
0.13351016799292661,0.94375
0.1336283185840708,0.94375
0.1337466784765279,0.94375
0.13386524822695037,0.94375
0.13398402839396628,0.94375
0.1341030195381883,0.94375
0.13422222222222221,0.94375
0.13434163701067617,0.94375
0.13446126447016918,0.94375
0.13458110516934046,0.94375
0.13470115967885815,0.94375
0.13482142857142856,0.94375
0.13494191242180517,0.94375
0.13506261180679785,0.94375
0.135183527305282,0.94375
0.13530465949820789,0.94375
0.13542600896860987,0.94375
0.1355475763016158,0.94375
0.13566936208445643,0.94375
0.1357913669064748,0.94375
0.13591359135913592,0.94375
0.13603603603603603,0.94375
0.13615870153291254,0.94375
0.13628158844765342,0.94375
0.13640469738030714,0.94375
0.13652802893309224,0.94375
0.13665158371040723,0.94375
0.13677536231884058,0.94375
0.13689936536718042,0.94375
0.13702359346642468,0.94375
0.1371480472297911,0.94375
0.13727272727272727,0.94375
0.13739763421292084,0.94375
0.13752276867030966,0.94375
0.13764813126709208,0.94375
0.13777372262773724,0.94375
0.13789954337899543,0.94375
0.1380255941499086,0.94375
0.13815187557182068,0.94375
0.1382783882783883,0.94375
0.1384051329055912,0.94375
0.13853211009174313,0.94375
0.1386593204775023,0.94375
0.13878676470588236,0.94375
0.1389144434222631,0.94375
0.13904235727440148,0.94375
0.1391705069124424,0.94375
0.1392988929889299,0.94375
0.1394275161588181,0.94375
0.13955637707948243,0.94375
0.1396854764107308,0.94375
0.1398148148148148,0.94375
0.13994439295644115,0.94375
0.14007421150278293,0.94375
0.14020427112349118,0.94375
0.14033457249070633,0.94375
0.14046511627906977,0.94375
0.14059590316573556,0.94375
0.1407269338303821,0.94375
0.14085820895522388,0.94375
0.14098972922502334,0.94375
0.1411214953271028,0.94375
0.1412535079513564,0.94375
0.14138576779026218,0.94375
0.1415182755388941,0.94375
0.14165103189493433,0.94375
0.14178403755868543,0.94375
0.14191729323308272,0.94375
0.14205079962370648,0.94375
0.14218455743879474,0.94375
0.1423185673892554,0.94375
0.14245283018867924,0.94375
0.14258734655335223,0.94375
0.14272211720226843,0.94375
0.14285714285714285,0.94375
0.14299242424242425,0.94375
0.14312796208530806,0.94375
0.1432637571157495,0.94375
0.14339981006647673,0.94375
0.1435361216730038,0.94375
0.14367269267364416,0.94375
0.1438095238095238,0.94375
0.14394661582459486,0.94375
0.14408396946564886,0.94375
0.14422158548233047,0.94375
0.14435946462715105,0.94375
0.1444976076555024,0.94375
0.1446360153256705,0.94375
0.14477468839884947,0.94375
0.14491362763915547,0.94375
0.14505283381364073,0.94375
0.1451923076923077,0.94375
0.1453320500481232,0.94375
0.14547206165703275,0.94375
0.14561234329797493,0.94375
0.14575289575289574,0.94375
0.14589371980676327,0.94375
0.14603481624758222,0.94375
0.14617618586640851,0.94375
0.14631782945736435,0.94375
0.14645974781765275,0.94375
0.14660194174757282,0.94375
0.1467444120505345,0.94375
0.14688715953307394,0.94375
0.14703018500486856,0.94375
0.14717348927875243,0.94375
0.1473170731707317,0.94375
0.1474609375,0.94375
0.14760508308895406,0.94375
0.14774951076320939,0.94375
0.14789422135161606,0.94375
0.1480392156862745,0.94375
0.1481844946025515,0.94375
0.14833005893909626,0.94375
0.14847590953785644,0.94375
0.1486220472440945,0.94375
0.14876847290640394,0.94375
0.14891518737672585,0.94375
0.14906219151036526,0.94375
0.1492094861660079,0.94375
0.1493570722057369,0.94375
0.1495049504950495,0.94375
0.14965312190287414,0.94375
0.1498015873015873,0.94375
0.1499503475670308,0.94375
0.15009940357852883,0.94375
0.15024875621890546,0.94375
0.150398406374502,0.94375
0.15054835493519442,0.94375
0.1506986027944112,0.94375
0.15084915084915085,0.94375
0.151,0.94375
0.15015015015015015,0.9375
0.15030060120240482,0.9375
0.15045135406218657,0.9375
0.1495983935742972,0.93125
0.14974874371859295,0.93125
0.14989939637826963,0.93125
0.1500503524672709,0.93125
0.1502016129032258,0.93125
0.1503531786074672,0.93125
0.1505050505050505,0.93125
0.1506572295247725,0.93125
0.1508097165991903,0.93125
0.15096251266464034,0.93125
0.1511156186612576,0.93125
0.15126903553299492,0.93125
0.15142276422764228,0.93125
0.1515768056968464,0.93125
0.15173116089613034,0.93125
0.15188583078491336,0.93125
0.1520408163265306,0.93125
0.15219611848825332,0.93125
0.1523517382413088,0.93125
0.15250767656090072,0.93125
0.1526639344262295,0.93125
0.15282051282051282,0.93125
0.15297741273100615,0.93125
0.15313463514902365,0.93125
0.15329218106995884,0.93125
0.15345005149330587,0.93125
0.15360824742268042,0.93125
0.15376676986584106,0.93125
0.15392561983471073,0.93125
0.15408479834539815,0.93125
0.15424430641821946,0.93125
0.1544041450777202,0.93125
0.1545643153526971,0.93125
0.15472481827622014,0.93125
0.1548856548856549,0.93125
0.1550468262226847,0.93125
0.15520833333333334,0.93125
0.1553701772679875,0.93125
0.15553235908141963,0.93125
0.15569487983281086,0.93125
0.15585774058577406,0.93125
0.15602094240837697,0.93125
0.15618448637316562,0.93125
0.15634837355718784,0.93125
0.1565126050420168,0.93125
0.15667718191377497,0.93125
0.1568421052631579,0.93125
0.15700737618545837,0.93125
0.1571729957805907,0.93125
0.1573389651531151,0.93125
0.15750528541226216,0.93125
0.15767195767195769,0.93125
0.15783898305084745,0.93125
0.15800636267232238,0.93125
0.15817409766454352,0.93125
0.15834218916046758,0.93125
0.15851063829787235,0.93125
0.15867944621938232,0.93125
0.15884861407249468,0.93125
0.15901814300960512,0.93125
0.15918803418803418,0.93125
0.15935828877005348,0.93125
0.15952890792291222,0.93125
0.15969989281886388,0.93125
0.15987124463519314,0.93125
0.16004296455424274,0.93125
0.16021505376344086,0.93125
0.1603875134553283,0.93125
0.16056034482758622,0.93125
0.16073354908306364,0.93125
0.16090712742980562,0.93125
0.16108108108108107,0.93125
0.16125541125541126,0.93125
0.16143011917659805,0.93125
0.1616052060737527,0.93125
0.16178067318132464,0.93125
0.16195652173913044,0.93125
0.16213275299238303,0.93125
0.16230936819172112,0.93125
0.1624863685932388,0.93125
0.16266375545851527,0.93125
0.1628415300546448,0.93125
0.16301969365426697,0.93125
0.16319824753559695,0.93125
0.16337719298245615,0.93125
0.16355653128430298,0.93125
0.16373626373626374,0.93125
0.1639163916391639,0.93125
0.16409691629955947,0.93125
0.16427783902976847,0.93125
0.16445916114790288,0.93125
0.16464088397790055,0.93125
0.16482300884955753,0.93125
0.16500553709856036,0.93125
0.16518847006651885,0.93125
0.16537180910099888,0.93125
0.16555555555555557,0.93125
0.1657397107897664,0.93125
0.16592427616926503,0.93125
0.16610925306577481,0.93125
0.16629464285714285,0.93125
0.1664804469273743,0.93125
0.16666666666666666,0.93125
0.16685330347144456,0.93125
0.16704035874439463,0.93125
0.16722783389450055,0.93125
0.16741573033707866,0.93125
0.16760404949381327,0.93125
0.1677927927927928,0.93125
0.16798196166854565,0.93125
0.16817155756207675,0.93125
0.16836158192090395,0.93125
0.16855203619909503,0.93125
0.16874292185730463,0.93125
0.1689342403628118,0.93125
0.16799091940976163,0.925
0.16818181818181818,0.925
0.16837315130830488,0.925
0.16856492027334852,0.925
0.16875712656784492,0.925
0.1689497716894977,0.925
0.16914285714285715,0.925
0.16933638443935928,0.925
0.16953035509736541,0.925
0.16972477064220184,0.925
0.16991963260619977,0.925
0.17011494252873563,0.925
0.17031070195627157,0.925
0.17050691244239632,0.925
0.1707035755478662,0.925
0.17090069284064666,0.925
0.17109826589595376,0.925
0.1712962962962963,0.925
0.17149478563151796,0.925
0.1716937354988399,0.925
0.1718931475029036,0.925
0.17209302325581396,0.925
0.17229336437718276,0.925
0.17249417249417248,0.925
0.17269544924154026,0.925
0.17289719626168223,0.925
0.17309941520467836,0.925
0.17330210772833723,0.925
0.1735052754982415,0.925
0.17370892018779344,0.925
0.17391304347826086,0.925
0.17411764705882352,0.925
0.17432273262661954,0.925
0.17452830188679244,0.925
0.17473435655253838,0.925
0.17494089834515367,0.925
0.17514792899408285,0.925
0.17535545023696683,0.925
0.17556346381969157,0.925
0.17577197149643706,0.925
0.1759809750297265,0.925
0.1761904761904762,0.925
0.1764004767580453,0.925
0.1766109785202864,0.925
0.1768219832735962,0.925
0.17703349282296652,0.925
0.17724550898203592,0.925
0.1774580335731415,0.925
0.17767106842737096,0.925
0.1778846153846154,0.925
0.17809867629362214,0.925
0.17710843373493976,0.91875
0.1773220747889023,0.91875
0.17753623188405798,0.91875
0.1777509068923821,0.91875
0.17796610169491525,0.91875
0.1781818181818182,0.91875
0.1783980582524272,0.91875
0.17861482381530985,0.91875
0.17883211678832117,0.91875
0.17904993909866018,0.91875
0.17926829268292682,0.91875
0.1794871794871795,0.91875
0.17970660146699266,0.91875
0.1799265605875153,0.91875
0.1801470588235294,0.91875
0.18036809815950922,0.91875
0.18058968058968058,0.91875
0.18081180811808117,0.91875
0.1810344827586207,0.91875
0.1812577065351418,0.91875
0.1814814814814815,0.91875
0.18170580964153277,0.91875
0.18193069306930693,0.91875
0.1821561338289963,0.91875
0.18238213399503722,0.91875
0.1826086956521739,0.91875
0.1828358208955224,0.91875
0.18306351183063513,0.91875
0.18329177057356608,0.91875
0.18352059925093633,0.91875
0.18375,0.91875
0.18397997496871088,0.91875
0.18421052631578946,0.91875
0.18444165621079048,0.91875
0.18467336683417085,0.91875
0.18490566037735848,0.91875
0.18513853904282115,0.91875
0.1853720050441362,0.91875
0.1856060606060606,0.91875
0.18584070796460178,0.91875
0.1860759493670886,0.91875
0.18631178707224336,0.91875
0.1865482233502538,0.91875
0.18678526048284624,0.91875
0.18702290076335878,0.91875
0.18726114649681527,0.91875
0.1875,0.91875
0.18773946360153257,0.91875
0.18797953964194372,0.91875
0.1882202304737516,0.91875
0.18846153846153846,0.91875
0.18870346598202825,0.91875
0.18894601542416453,0.91875
0.1891891891891892,0.91875
0.18943298969072164,0.91875
0.1896774193548387,0.91875
0.18992248062015504,0.91875
0.19016817593790428,0.91875
0.19041450777202074,0.91875
0.19066147859922178,0.91875
0.19090909090909092,0.91875
0.19115734720416125,0.91875
0.19140625,0.91875
0.19165580182529335,0.91875
0.1919060052219321,0.91875
0.19215686274509805,0.91875
0.19240837696335078,0.91875
0.1926605504587156,0.91875
0.19291338582677164,0.91875
0.19316688567674112,0.91875
0.19342105263157894,0.91875
0.19367588932806323,0.91875
0.19393139841688653,0.91875
0.19418758256274768,0.91875
0.19444444444444445,0.91875
0.1947019867549669,0.91875
0.19496021220159152,0.91875
0.1952191235059761,0.91875
0.19547872340425532,0.91875
0.19573901464713714,0.91875
0.196,0.91875
0.19626168224299065,0.91875
0.196524064171123,0.91875
0.19678714859437751,0.91875
0.1970509383378016,0.91875
0.19731543624161074,0.91875
0.1975806451612903,0.91875
0.19784656796769853,0.91875
0.19811320754716982,0.91875
0.19838056680161945,0.91875
0.19864864864864865,0.91875
0.19891745602165087,0.91875
0.1991869918699187,0.91875
0.1994572591587517,0.91875
0.19972826086956522,0.91875
0.2,0.91875
0.20027247956403268,0.91875
0.20054570259208732,0.91875
0.20081967213114754,0.91875
0.20109439124487005,0.91875
0.20136986301369864,0.91875
0.20164609053497942,0.91875
0.20054945054945056,0.9125
0.20082530949105915,0.9125
0.20110192837465565,0.9125
0.2013793103448276,0.9125
0.20165745856353592,0.9125
0.20193637621023514,0.9125
0.20221606648199447,0.9125
0.20249653259361997,0.9125
0.20277777777777778,0.9125
0.20305980528511822,0.9125
0.20334261838440112,0.9125
0.20362622036262204,0.9125
0.20391061452513967,0.9125
0.2041958041958042,0.9125
0.20448179271708683,0.9125
0.20476858345021037,0.9125
0.2050561797752809,0.9125
0.20534458509142053,0.9125
0.2056338028169014,0.9125
0.2059238363892807,0.9125
0.2062146892655367,0.9125
0.2065063649222065,0.9125
0.20679886685552407,0.9125
0.20709219858156028,0.9125
0.20738636363636365,0.9125
0.20768136557610242,0.9125
0.20797720797720798,0.9125
0.20827389443651925,0.9125
0.20857142857142857,0.9125
0.2088698140200286,0.9125
0.20916905444126074,0.9125
0.20946915351506457,0.9125
0.20977011494252873,0.9125
0.21007194244604316,0.9125
0.21037463976945245,0.9125
0.2106782106782107,0.9125
0.21098265895953758,0.9125
0.21128798842257598,0.9125
0.21159420289855072,0.9125
0.21190130624092887,0.9125
0.21220930232558138,0.9125
0.21251819505094613,0.9125
0.21282798833819241,0.9125
0.21313868613138687,0.9125
0.2134502923976608,0.9125
0.21376281112737922,0.9125
0.21407624633431085,0.9125
0.2143906020558003,0.9125
0.21470588235294116,0.9125
0.21502209131075112,0.9125
0.2153392330383481,0.9125
0.21565731166912852,0.9125
0.21449704142011836,0.90625
0.21481481481481482,0.90625
0.21513353115727002,0.90625
0.21545319465081725,0.90625
0.21577380952380953,0.90625
0.21609538002980627,0.90625
0.21641791044776118,0.90625
0.21674140508221226,0.90625
0.21706586826347304,0.90625
0.21739130434782608,0.90625
0.21771771771771772,0.90625
0.21804511278195488,0.90625
0.2183734939759036,0.90625
0.2187028657616893,0.90625
0.2190332326283988,0.90625
0.21936459909228442,0.90625
0.2196969696969697,0.90625
0.22003034901365706,0.90625
0.22036474164133737,0.90625
0.2207001522070015,0.90625
0.22103658536585366,0.90625
0.22137404580152673,0.90625
0.2217125382262997,0.90625
0.22052067381316998,0.9
0.22085889570552147,0.9
0.22119815668202766,0.9
0.22153846153846155,0.9
0.2218798151001541,0.9
0.2222222222222222,0.9
0.22256568778979907,0.9
0.22291021671826625,0.9
0.22325581395348837,0.9
0.2236024844720497,0.9
0.2223950233281493,0.89375
0.22274143302180685,0.89375
0.22308892355694226,0.89375
0.2234375,0.89375
0.2222222222222222,0.8875
0.2225705329153605,0.8875
0.22291993720565148,0.8875
0.22327044025157233,0.8875
0.22362204724409449,0.8875
0.22397476340694006,0.8875
0.22432859399684044,0.8875
0.22468354430379747,0.8875
0.22503961965134706,0.8875
0.2253968253968254,0.8875
0.22575516693163752,0.8875
0.22611464968152867,0.8875
0.22647527910685805,0.8875
0.2268370607028754,0.8875
0.2272,0.8875
0.22756410256410256,0.8875
0.22792937399678972,0.8875
0.2282958199356913,0.8875
0.2286634460547504,0.8875
0.22903225806451613,0.8875
0.2294022617124394,0.8875
0.2297734627831715,0.8875
0.23014586709886548,0.8875
0.2305194805194805,0.8875
0.23089430894308943,0.8875
0.23127035830618892,0.8875
0.23164763458401305,0.8875
0.23202614379084968,0.8875
0.23240589198036007,0.8875
0.23278688524590163,0.8875
0.23316912972085385,0.8875
0.23355263157894737,0.8875
0.23393739703459637,0.8875
0.23432343234323433,0.8875
0.23471074380165288,0.8875
0.23344370860927152,0.88125
0.23383084577114427,0.88125
0.23421926910299004,0.88125
0.23460898502495842,0.88125
0.235,0.88125
0.2353923205342237,0.88125
0.23578595317725753,0.88125
0.23618090452261306,0.88125
0.23657718120805368,0.88125
0.23697478991596638,0.88125
0.23737373737373738,0.88125
0.23777403035413153,0.88125
0.23817567567567569,0.88125
0.23857868020304568,0.88125
0.23898305084745763,0.88125
0.23938879456706283,0.88125
0.23979591836734693,0.88125
0.2402044293015332,0.88125
0.24061433447098976,0.88125
0.24102564102564103,0.88125
0.24143835616438356,0.88125
0.24013722126929674,0.875
0.24054982817869416,0.875
0.23924268502581755,0.86875
0.23793103448275862,0.8625
0.23834196891191708,0.8625
0.23875432525951557,0.8625
0.2391681109185442,0.8625
0.23958333333333334,0.8625
0.24,0.8625
0.24041811846689895,0.8625
0.24083769633507854,0.8625
0.24125874125874125,0.8625
0.23992994746059546,0.85625
0.24035087719298245,0.85625
0.24077328646748683,0.85625
0.24119718309859156,0.85625
0.24162257495590828,0.85625
0.2420494699646643,0.85625
0.2424778761061947,0.85625
0.2429078014184397,0.85625
0.2433392539964476,0.85625
0.24377224199288255,0.85625
0.24420677361853832,0.85625
0.24464285714285713,0.85625
0.24508050089445438,0.85625
0.24551971326164876,0.85625
0.2459605026929982,0.85625
0.24640287769784172,0.85625
0.24684684684684685,0.85625
0.24729241877256317,0.85625
0.24773960216998192,0.85625
0.24818840579710144,0.85625
0.24863883847549909,0.85625
0.24909090909090909,0.85625
0.2495446265938069,0.85625
0.25,0.85625
0.25045703839122485,0.85625
0.2509157509157509,0.85625
0.25137614678899084,0.85625
0.25183823529411764,0.85625
0.2523020257826888,0.85625
0.25276752767527677,0.85625
0.2532347504621072,0.85625
0.2537037037037037,0.85625
0.2541743970315399,0.85625
0.25464684014869887,0.85625
0.25512104283054005,0.85625
0.2555970149253731,0.85625
0.2560747663551402,0.85625
0.2565543071161049,0.85625
0.2570356472795497,0.85625
0.2575187969924812,0.85625
0.2580037664783427,0.85625
0.25849056603773585,0.85625
0.2589792060491493,0.85625
0.25946969696969696,0.85625
0.25996204933586337,0.85625
0.26045627376425856,0.85625
0.26095238095238094,0.85625
0.26145038167938933,0.85625
0.26195028680688337,0.85625
0.2624521072796935,0.85625
0.2629558541266795,0.85625
0.26346153846153847,0.85625
0.26396917148362237,0.85625
0.2644787644787645,0.85625
0.26499032882011603,0.85625
0.2655038759689923,0.85625
0.26601941747572816,0.85625
0.26653696498054474,0.85625
0.26705653021442494,0.85625
0.267578125,0.85625
0.26810176125244617,0.85625
0.26666666666666666,0.85
0.26522593320235754,0.84375
0.265748031496063,0.84375
0.26627218934911245,0.84375
0.26679841897233203,0.84375
0.26732673267326734,0.84375
0.26785714285714285,0.84375
0.268389662027833,0.84375
0.2689243027888446,0.84375
0.2694610778443114,0.84375
0.27,0.84375
0.27054108216432865,0.84375
0.2710843373493976,0.84375
0.2716297786720322,0.84375
0.2721774193548387,0.84375
0.2727272727272727,0.84375
0.2732793522267207,0.84375
0.2738336713995943,0.84375
0.27439024390243905,0.84375
0.27494908350305497,0.84375
0.2755102040816326,0.84375
0.2740286298568507,0.8375
0.27459016393442626,0.8375
0.2751540041067762,0.8375
0.2757201646090535,0.8375
0.27628865979381445,0.8375
0.2768595041322314,0.8375
0.2774327122153209,0.8375
0.27800829875518673,0.8375
0.2785862785862786,0.8375
0.2791666666666667,0.8375
0.2776617954070981,0.83125
0.27824267782426776,0.83125
0.27882599580712786,0.83125
0.27941176470588236,0.83125
0.28,0.83125
0.2805907172995781,0.83125
0.28118393234672306,0.83125
0.2817796610169492,0.83125
0.2823779193205945,0.83125
0.28297872340425534,0.83125
0.2835820895522388,0.83125
0.2841880341880342,0.83125
0.284796573875803,0.83125
0.2832618025751073,0.825
0.2838709677419355,0.825
0.28448275862068967,0.825
0.28509719222462204,0.825
0.2857142857142857,0.825
0.28633405639913234,0.825
0.28695652173913044,0.825
0.2875816993464052,0.825
0.28820960698689957,0.825
0.2888402625820569,0.825
0.2894736842105263,0.825
0.29010989010989013,0.825
0.2907488986784141,0.825
0.2913907284768212,0.825
0.2920353982300885,0.825
0.2926829268292683,0.825
0.29333333333333333,0.825
0.29175946547884185,0.81875
0.2924107142857143,0.81875
0.2930648769574944,0.81875
0.2937219730941704,0.81875
0.2943820224719101,0.81875
0.29504504504504503,0.81875
0.29571106094808125,0.81875
0.29638009049773756,0.81875
0.29705215419501135,0.81875
0.29772727272727273,0.81875
0.2984054669703872,0.81875
0.2990867579908676,0.81875
0.2997711670480549,0.81875
0.2981651376146789,0.8125
0.2988505747126437,0.8125
0.2995391705069124,0.8125
0.3002309468822171,0.8125
0.30092592592592593,0.8125
0.30162412993039445,0.8125
0.3023255813953488,0.8125
0.30303030303030304,0.8125
0.3014018691588785,0.80625
0.30210772833723654,0.80625
0.3028169014084507,0.80625
0.3035294117647059,0.80625
0.30424528301886794,0.80625
0.3049645390070922,0.80625
0.3056872037914692,0.80625
0.30641330166270786,0.80625
0.30714285714285716,0.80625
0.30787589498806683,0.80625
0.30861244019138756,0.80625
0.30935251798561153,0.80625
0.31009615384615385,0.80625
0.3108433734939759,0.80625
0.3115942028985507,0.80625
0.31234866828087166,0.80625
0.3131067961165049,0.80625
0.31386861313868614,0.80625
0.3146341463414634,0.80625
0.3154034229828851,0.80625
0.3161764705882353,0.80625
0.31695331695331697,0.80625
0.31773399014778325,0.80625
0.31851851851851853,0.80625
0.3193069306930693,0.80625
0.3200992555831266,0.80625
0.3208955223880597,0.80625
0.3192019950124688,0.8
0.32,0.8
0.3208020050125313,0.8
0.32160804020100503,0.8
0.3224181360201511,0.8
0.3207070707070707,0.79375
0.32151898734177214,0.79375
0.3223350253807107,0.79375
0.3231552162849873,0.79375
0.3239795918367347,0.79375
0.3248081841432225,0.79375
0.32564102564102565,0.79375
0.3264781491002571,0.79375
0.327319587628866,0.79375
0.3281653746770026,0.79375
0.3290155440414508,0.79375
0.32987012987012987,0.79375
0.3307291666666667,0.79375
0.33159268929503916,0.79375
0.3324607329842932,0.79375
0.3333333333333333,0.79375
0.33421052631578946,0.79375
0.33509234828496043,0.79375
0.3333333333333333,0.7875
0.33421750663129973,0.7875
0.3351063829787234,0.7875
0.336,0.7875
0.33689839572192515,0.7875
0.3378016085790885,0.7875
0.3387096774193548,0.7875
0.33962264150943394,0.7875
0.34054054054054056,0.7875
0.33875338753387535,0.78125
0.33967391304347827,0.78125
0.3405994550408719,0.78125
0.34153005464480873,0.78125
0.3424657534246575,0.78125
0.3434065934065934,0.78125
0.3443526170798898,0.78125
0.3453038674033149,0.78125
0.34349030470914127,0.775
0.34444444444444444,0.775
0.34540389972144847,0.775
0.3463687150837989,0.775
0.3473389355742297,0.775
0.34831460674157305,0.775
0.3492957746478873,0.775
0.3502824858757062,0.775
0.35127478753541075,0.775
0.3522727272727273,0.775
0.35327635327635326,0.775
0.35428571428571426,0.775
0.3553008595988539,0.775
0.35344827586206895,0.76875
0.35446685878962536,0.76875
0.3554913294797688,0.76875
0.3565217391304348,0.76875
0.35755813953488375,0.76875
0.358600583090379,0.76875
0.35964912280701755,0.76875
0.36070381231671556,0.76875
0.36176470588235293,0.76875
0.36283185840707965,0.76875
0.363905325443787,0.76875
0.3649851632047478,0.76875
0.36607142857142855,0.76875
0.36716417910447763,0.76875
0.36826347305389223,0.76875
0.36936936936936937,0.76875
0.3704819277108434,0.76875
0.3685800604229607,0.7625
0.3696969696969697,0.7625
0.3708206686930091,0.7625
0.36890243902439024,0.75625
0.37003058103975534,0.75625
0.37116564417177916,0.75625
0.3723076923076923,0.75625
0.3734567901234568,0.75625
0.3746130030959752,0.75625
0.37577639751552794,0.75625
0.37694704049844235,0.75625
0.378125,0.75625
0.3793103448275862,0.75625
0.37735849056603776,0.75
0.3785488958990536,0.75
0.379746835443038,0.75
0.38095238095238093,0.75
0.3821656050955414,0.75
0.38338658146964855,0.75
0.38461538461538464,0.75
0.3858520900321543,0.75
0.3870967741935484,0.75
0.3883495145631068,0.75
0.38636363636363635,0.74375
0.38762214983713356,0.74375
0.38562091503267976,0.7375
0.38688524590163936,0.7375
0.3881578947368421,0.7375
0.38943894389438943,0.7375
0.39072847682119205,0.7375
0.3920265780730897,0.7375
0.3933333333333333,0.7375
0.39464882943143814,0.7375
0.3959731543624161,0.7375
0.39730639730639733,0.7375
0.39864864864864863,0.7375
0.4,0.7375
0.4013605442176871,0.7375
0.40273037542662116,0.7375
0.4041095890410959,0.7375
0.4020618556701031,0.73125
0.40344827586206894,0.73125
0.40484429065743943,0.73125
0.4027777777777778,0.725
0.40418118466898956,0.725
0.4020979020979021,0.71875
0.40350877192982454,0.71875
0.40492957746478875,0.71875
0.40636042402826855,0.71875
0.4078014184397163,0.71875
0.4092526690391459,0.71875
0.4107142857142857,0.71875
0.4121863799283154,0.71875
0.4136690647482014,0.71875
0.4151624548736462,0.71875
0.4166666666666667,0.71875
0.41818181818181815,0.71875
0.4197080291970803,0.71875
0.42124542124542125,0.71875
0.4227941176470588,0.71875
0.42435424354243545,0.71875
0.42592592592592593,0.71875
0.4275092936802974,0.71875
0.4291044776119403,0.71875
0.42696629213483145,0.7125
0.42857142857142855,0.7125
0.43018867924528303,0.7125
0.4318181818181818,0.7125
0.43346007604562736,0.7125
0.4312977099236641,0.70625
0.4329501915708812,0.70625
0.4346153846153846,0.70625
0.4362934362934363,0.70625
0.437984496124031,0.70625
0.4396887159533074,0.70625
0.44140625,0.70625
0.4392156862745098,0.7
0.4409448818897638,0.7
0.43873517786561267,0.69375
0.44047619047619047,0.69375
0.44223107569721115,0.69375
0.444,0.69375
0.44176706827309237,0.6875
0.4435483870967742,0.6875
0.44534412955465585,0.6875
0.44308943089430897,0.68125
0.44081632653061226,0.675
0.4385245901639344,0.66875
0.43621399176954734,0.6625
0.43388429752066116,0.65625
0.4315352697095436,0.65
0.43333333333333335,0.65
0.4351464435146444,0.65
0.4369747899159664,0.65
0.4388185654008439,0.65
0.4406779661016949,0.65
0.4425531914893617,0.65
0.4444444444444444,0.65
0.44206008583690987,0.64375
0.44396551724137934,0.64375
0.4458874458874459,0.64375
0.44782608695652176,0.64375
0.4497816593886463,0.64375
0.4517543859649123,0.64375
0.45374449339207046,0.64375
0.45132743362831856,0.6375
0.4533333333333333,0.6375
0.45535714285714285,0.6375
0.45739910313901344,0.6375
0.4594594594594595,0.6375
0.46153846153846156,0.6375
0.4636363636363636,0.6375
0.4657534246575342,0.6375
0.46788990825688076,0.6375
0.46543778801843316,0.63125
0.4675925925925926,0.63125
0.4697674418604651,0.63125
0.4672897196261682,0.625
0.4647887323943662,0.61875
0.46226415094339623,0.6125
0.4597156398104265,0.60625
0.46190476190476193,0.60625
0.46411483253588515,0.60625
0.46153846153846156,0.6
0.45893719806763283,0.59375
0.46116504854368934,0.59375
0.4634146341463415,0.59375
0.46568627450980393,0.59375
0.46798029556650245,0.59375
0.46534653465346537,0.5875
0.46766169154228854,0.5875
0.47,0.5875
0.4723618090452261,0.5875
0.47474747474747475,0.5875
0.4720812182741117,0.58125
0.4744897959183674,0.58125
0.47692307692307695,0.58125
0.4793814432989691,0.58125
0.48186528497409326,0.58125
0.484375,0.58125
0.4869109947643979,0.58125
0.48947368421052634,0.58125
0.48677248677248675,0.575
0.48404255319148937,0.56875
0.48663101604278075,0.56875
0.4838709677419355,0.5625
0.4864864864864865,0.5625
0.4891304347826087,0.5625
0.4918032786885246,0.5625
0.489010989010989,0.55625
0.49171270718232046,0.55625
0.49444444444444446,0.55625
0.4972067039106145,0.55625
0.5,0.55625
0.4971751412429379,0.55
0.5,0.55
0.5028571428571429,0.55
0.5,0.54375
0.49710982658959535,0.5375
0.5,0.5375
0.5029239766081871,0.5375
0.5058823529411764,0.5375
0.5029585798816568,0.53125
0.5059523809523809,0.53125
0.5089820359281437,0.53125
0.5060240963855421,0.525
0.503030303030303,0.51875
0.5060975609756098,0.51875
0.5030674846625767,0.5125
0.5061728395061729,0.5125
0.5093167701863354,0.5125
0.5125,0.5125
0.5157232704402516,0.5125
0.5189873417721519,0.5125
0.5222929936305732,0.5125
0.5256410256410257,0.5125
0.5225806451612903,0.50625
0.525974025974026,0.50625
0.5228758169934641,0.5
0.5263157894736842,0.5
0.5231788079470199,0.49375
0.5266666666666666,0.49375
0.5234899328859061,0.4875
0.527027027027027,0.4875
0.5238095238095238,0.48125
0.5273972602739726,0.48125
0.5310344827586206,0.48125
0.5277777777777778,0.475
0.5314685314685315,0.475
0.5352112676056338,0.475
0.5390070921985816,0.475
0.5357142857142857,0.46875
0.539568345323741,0.46875
0.5434782608695652,0.46875
0.5401459854014599,0.4625
0.5367647058823529,0.45625
0.5407407407407407,0.45625
0.5447761194029851,0.45625
0.5413533834586466,0.45
0.5454545454545454,0.45
0.5419847328244275,0.44375
0.5461538461538461,0.44375
0.5503875968992248,0.44375
0.5546875,0.44375
0.5590551181102362,0.44375
0.5634920634920635,0.44375
0.568,0.44375
0.5725806451612904,0.44375
0.5691056910569106,0.4375
0.5655737704918032,0.43125
0.5702479338842975,0.43125
0.575,0.43125
0.5798319327731093,0.43125
0.576271186440678,0.425
0.5811965811965812,0.425
0.5862068965517241,0.425
0.5826086956521739,0.41875
0.5877192982456141,0.41875
0.584070796460177,0.4125
0.5892857142857143,0.4125
0.5855855855855856,0.40625
0.5818181818181818,0.4
0.5871559633027523,0.4
0.5833333333333334,0.39375
0.5887850467289719,0.39375
0.5849056603773585,0.3875
0.5904761904761905,0.3875
0.5961538461538461,0.3875
0.5922330097087378,0.38125
0.5882352941176471,0.375
0.594059405940594,0.375
0.6,0.375
0.6060606060606061,0.375
0.6020408163265306,0.36875
0.6082474226804123,0.36875
0.6041666666666666,0.3625
0.6105263157894737,0.3625
0.6170212765957447,0.3625
0.6129032258064516,0.35625
0.6086956521739131,0.35
0.6153846153846154,0.35
0.6222222222222222,0.35
0.6292134831460674,0.35
0.625,0.34375
0.6206896551724138,0.3375
0.627906976744186,0.3375
0.6352941176470588,0.3375
0.6309523809523809,0.33125
0.6265060240963856,0.325
0.6219512195121951,0.31875
0.6296296296296297,0.31875
0.625,0.3125
0.620253164556962,0.30625
0.6153846153846154,0.3
0.6233766233766234,0.3
0.631578947368421,0.3
0.6266666666666667,0.29375
0.6351351351351351,0.29375
0.6301369863013698,0.2875
0.625,0.28125
0.6197183098591549,0.275
0.6285714285714286,0.275
0.6231884057971014,0.26875
0.6323529411764706,0.26875
0.6417910447761194,0.26875
0.6363636363636364,0.2625
0.6461538461538462,0.2625
0.640625,0.25625
0.6507936507936508,0.25625
0.6612903225806451,0.25625
0.6721311475409836,0.25625
0.6666666666666666,0.25
0.6610169491525424,0.24375
0.6551724137931034,0.2375
0.6666666666666666,0.2375
0.6607142857142857,0.23125
0.6545454545454545,0.225
0.6481481481481481,0.21875
0.6415094339622641,0.2125
0.6538461538461539,0.2125
0.6666666666666666,0.2125
0.68,0.2125
0.673469387755102,0.20625
0.6666666666666666,0.2
0.6595744680851063,0.19375
0.6739130434782609,0.19375
0.6666666666666666,0.1875
0.6590909090909091,0.18125
0.6744186046511628,0.18125
0.6904761904761905,0.18125
0.6829268292682927,0.175
0.7,0.175
0.6923076923076923,0.16875
0.7105263157894737,0.16875
0.7297297297297297,0.16875
0.7222222222222222,0.1625
0.7142857142857143,0.15625
0.7352941176470589,0.15625
0.7272727272727273,0.15
0.71875,0.14375
0.7096774193548387,0.1375
0.7333333333333333,0.1375
0.7586206896551724,0.1375
0.75,0.13125
0.7777777777777778,0.13125
0.7692307692307693,0.125
0.8,0.125
0.7916666666666666,0.11875
0.782608695652174,0.1125
0.7727272727272727,0.10625
0.7619047619047619,0.1
0.75,0.09375
0.7368421052631579,0.0875
0.7222222222222222,0.08125
0.7647058823529411,0.08125
0.75,0.075
0.7333333333333333,0.06875
0.7142857142857143,0.0625
0.6923076923076923,0.05625
0.6666666666666666,0.05
0.7272727272727273,0.05
0.7,0.04375
0.6666666666666666,0.0375
0.75,0.0375
0.7142857142857143,0.03125
0.6666666666666666,0.025
0.8,0.025
0.75,0.01875
0.6666666666666666,0.0125
0.5,0.00625
0.0,0.0
1.0,0.0
